0.005192977000000001
0.004572498747253129
0.0020272470451625506
0.000276538955766382
0.0001340334734643314
0.00021601271657013758
-0.0003791800039487612
-0.0010009032465162094
-0.0010487944644544246
-0.0009687463997406099
-0.0012193819766479807
-0.001525217381536635
-0.0017152701685716923
-0.002263468117763424
-0.0032963811672581476
-0.003841435662281342
-0.0029125065588352828
-0.0010277414429325448
6.346918682020687e-05
-0.0007301634179006698
-0.0024442309439603994
-0.0026442335960385607
0.00038989754168434137
0.005800962745750742
0.010612951491299259
0.012279072520112722
0.010408441360678077
0.005705217202256873
-0.0016356684905188745
-0.010833029533297995
-0.018347755722872613
-0.01949835067686454
-0.013704130357314059
-0.006537026862566271
-0.004577797587036628
-0.008650348775715048
-0.013497680382323534
-0.013641336883407728
-0.008161979130981246
-0.00033191603309034706
0.0053891842558717274
0.005876822146737175
0.0011464913208125444
-0.004999870595633792
-0.007133366356892469
-0.0021419310596905803
0.008921065389519289
0.022183345552464685
0.03245634033912207
0.03385331675017736
0.022583941073217654
0.0019143798110268276
-0.017234350917206535
-0.023945642997862726
-0.016388702601897273
-0.002458493302991923
0.00783720690035072
0.009302936313436993
0.002600633952811925
-0.007902907764083622
-0.016387157981434284
-0.018337568108000288
-0.01331156527370795
-0.004925393206044954
0.001980697842478801
0.0036196354232503353
-0.001965496936912013
-0.01341568040327803
-0.024842361514623625
-0.029051898117127318
-0.023866050142585662
-0.013697968934869301
-0.0037874176973370787
0.004983371423947601
0.014120195205705994
0.02315419142784866
0.030207038973945857
0.035195754402780256
0.039076250312869404
0.0405352246770646
0.03656557033900083
0.026292933853964164
0.011759546272964784
-0.004392667537369793
-0.018619612271797824
-0.024372267868911297
-0.015664354496103376
0.00434233754595539
0.02168182087465295
0.0225756494425447
0.005615066286681377
-0.018748603305512687
-0.03896995606514143
-0.04975201155528155
-0.050371747066861414
-0.0410485353330288
-0.023724563131368722
-0.004288792327227137
0.009291065406908439
0.012162845764631528
0.0056636958725075365
-0.004529338096628024
-0.012724081762453763
-0.015970518562613126
-0.01391730263107596
-0.0075837602458225396
0.0011332691312493318
0.009828051071374728
0.017079700541045326
0.023809556584078913
0.03207190205632356
0.0421103506605025
0.051446244654533485
0.05704595020774357
0.05726567036353349
0.05150737395446482
0.039824032898693296
0.02402563269407524
0.007640044293729116
-0.006783047001309367
-0.019081394112222243
-0.028658313803842678
-0.03224592500275193
-0.027858181080526137
-0.020307220202930333
-0.018490024450772382
-0.025425599134835122
-0.03378462268410224
-0.03343114619670245
-0.021439147414076883
-0.002827648700492971
0.015936033736462043
0.030537177686395273
0.037492515132508945
0.03448833156888579
0.02408708635675394
0.014184935130997238
0.012016868512306284
0.01823242162416243
0.027695981509398598
0.03447544461918793
0.03466376378656276
0.02652606792908998
0.011522592135866242
-0.004409195627699743
-0.01354681769134402
-0.012603755664908328
-0.005907892449961699
-0.0014434370825053898
-0.003774636859755401
-0.010692558368157391
-0.01549199120702921
-0.011802287598498227
0.0021385828891818197
0.021310947761257155
0.035584813133625395
0.036136133113978924
0.02292539103306354
0.006015467444465833
-0.0021260798255359602
0.0033451403678726745
0.01706031244318048
0.029668267519453773
0.034843744934249785
0.03083336814454677
0.01922067743901041
0.005252408077705425
-0.002872348979244313
0.000303810087049859
0.011729266087094181
0.02254284767892268
0.026839546670517998
0.02486323517038752
0.017880964458153837
0.005298264425271126
-0.010612228799375999
-0.022123281219046834
-0.023141403458331867
-0.016509630780323716
-0.010404491684634837
-0.010205660351265923
-0.017581470995898813
-0.03240072739604111
-0.047690473740184106
-0.04672773164813227
-0.017633549922030308
0.02710508407054665
0.05715918139795547
0.056222526041611126
0.03862683586177606
0.02787774167768142
0.02790161664581237
0.02549261092550568
0.013884478563062295
0.00012499158423268767
-0.009100483441272258
-0.015795518404364228
-0.02259513572106554
-0.026685810225771114
-0.025101771688067064
-0.018018928233678334
-0.004386198491605015
0.016882409928098814
0.037863620618213134
0.04313872926965013
0.026580553113538696
-0.00021491940045827997
-0.02163935027489473
-0.0326221160491256
-0.03328399579805924
-0.018932004099238044
0.011917097397721106
0.04392614084805036
0.05339598886777977
0.0328057666717974
-0.0010792206740387474
-0.024187869499995067
-0.023207279457952035
0.0010173332214705913
0.03594624891303603
0.06033074893391227
0.05640237258098434
0.027002057850475575
-0.005155062639609547
-0.020433877282134954
-0.018700944439070027
-0.009185395827254014
0.005799955868561776
0.0264096401580827
0.0412829222142135
0.033512133876199494
0.0031465139834985756
-0.02741027831467385
-0.03648646422200066
-0.0254291937826811
-0.012693893629411212
-0.010806501790995796
-0.015825248091737694
-0.017345475806656355
-0.011516844614864895
-0.0019608640267096272
0.007548073415872621
0.016813747032141807
0.026190371818608265
0.03336508350804532
0.03516839715559367
0.03147565013273388
0.025580732915568002
0.02137259854938841
0.021941350659210063
0.029581380186632693
0.04270393329607827
0.05156347832500197
0.04228006550781582
0.010475351156910074
-0.03020120894407618
-0.0573906404396516
-0.05840828337699836
-0.037863581404027645
-0.009600430386252922
0.014293418934881952
0.02767903133726177
0.030247158488440402
0.026311368842374245
0.020759842418909158
0.014313905841720159
0.004875839550693437
-0.006450920954693372
-0.014898867262542801
-0.01878907340754439
-0.022153648626833406
-0.02837210831464009
-0.03575619117699475
-0.04233771641972668
-0.049716287479679315
-0.057157679530212425
-0.056594334486937556
-0.040756951107837815
-0.01407015856044532
0.011735865558859677
0.0316616885623008
0.04931010586201106
0.06481894914096832
0.07033023016415452
0.06141617839594533
0.04559739880966955
0.03359680350789727
0.026973597666713832
0.020415752798309872
0.012607355227952935
0.007915097160488346
0.008565408215927243
0.011251139594537357
0.01170758818064288
0.008080722312611
-5.348410407787086e-05
-0.011086990289616678
-0.019274588710017367
-0.018422283032780075
-0.009921306539738132
-0.0032953769928008884
-0.006054349626801204
-0.015539744783840346
-0.023087561945906467
-0.02391315953717556
-0.02033799442224889
-0.017116119191989368
-0.01660049813445003
-0.018050531408898382
-0.0195914423972436
-0.020900756043215066
-0.024825238089867183
-0.035107441406516636
-0.05102391054303397
-0.06572915095644573
-0.0723867456832394
-0.07148381657081504
-0.06985945085919705
-0.07283322329241095
-0.07991478604980261
-0.08861539278842022
-0.09940080782156131
-0.1146134810807379
-0.13390641567836128
-0.15327784010822926
-0.16890646348748
-0.18052101726914285
-0.19038827683630177
-0.19974213632137797
-0.20697989177122114
-0.20932232855257965
-0.205633641816573
-0.19697789249683925
-0.18438674840204136
-0.16700885608838933
-0.14342094468427388
-0.11431439323003828
-0.08241643347473955
-0.049554348711038004
-0.015603080554676402
0.018406135327244846
0.047691150344485456
0.066728349150689
0.07488136026700898
0.07702938614128707
0.07827713558331313
0.08020297372328931
0.0831199778722861
0.08916074552871951
0.10026815501317633
0.11449339660250903
0.12755157707256287
0.1378947175973655
0.14719720670637781
0.15552501914776923
0.15953685550181582
0.15696107021943626
0.14948040309627608
0.1385153072388722
0.12104734532403312
0.09354311616779779
0.05832151205942458
0.021514061663337542
-0.014861873679174565
-0.0543240328681834
-0.09935732334412094
-0.14850411621402368
-0.20072020635733492
-0.255446254682081
-0.30372673696499536
-0.3258651062832046
-0.3076955842413243
-0.25911011044048005
-0.208814559431985
-0.17868240427569188
-0.1686607599600355
-0.16767913662302922
-0.170878071653352
-0.18035568201596752
-0.19519689911224278
-0.20971901983500935
-0.2205875810927923
-0.22908884590126433
-0.2364829873816687
-0.24259397285471224
-0.24873318388326376
-0.25644560266799427
-0.26365747537992335
-0.26800304604187786
-0.2722806170863086
-0.2761482987326041
-0.260641006406363
-0.19524236931259994
-0.07219632728379366
0.07297055525232533
0.1874846491356865
0.24595893198822863
0.2607410612053676
0.2544057514365735
0.238863859731526
0.2229736929467568
0.2224829842508521
0.2505657209923414
0.30630049983207486
0.38015085822704026
0.46271050087262194
0.5403608580983312
0.5922369303399466
0.6042968517578089
0.5815452212618898
0.535992812447453
0.4700502975721602
0.3865698001710709
0.30771611680982996
0.259646306740722
0.2348543939738848
0.19353290697411532
0.11526508851285157
0.030436772528417203
-0.018343524414531263
-0.03233439119460453
-0.05056508126129778
-0.09378743476769207
-0.1408113659754244
-0.16440103594925679
-0.1661952147102806
-0.16329132853969539
-0.15926776984089733
-0.14795230942785256
-0.13515934587923503
-0.1338886184842498
-0.13805139183638054
-0.12062935069445134
-0.06561511530895656
0.010229637425056438
0.07518735142180592
0.11307745341848585
0.12822335801771775
0.12937221792547482
0.12239333467452981
0.11722015796102818
0.12865023598642
0.1640081409030972
0.21486718050681397
0.2639594691727682
0.2960110792643099
0.300645474839761
0.2729749928454877
0.219061223202443
0.15709429065442837
0.10399924639058607
0.05942374550584553
0.009278548226604438
-0.052747028086920215
-0.11341595259929821
-0.15417853882442137
-0.17244882490975377
-0.18179609541036595
-0.19271830093322212
-0.20146215439407986
-0.2002277022595656
-0.19063172569168005
-0.17992313696138687
-0.16785961785410972
-0.14699670223846836
-0.11728614043451374
-0.09111170425679053
-0.07718010785358342
-0.0648163233747157
-0.03362134226154508
0.02112107674193509
0.08012433991056607
0.11929618598945847
0.1311194054295004
0.12388421651045281
0.10647642232947593
0.08138633563658605
0.05037193368067978
0.01927114940539681
-0.0045939547457921675
-0.015614838323943786
-0.00981138310933189
0.013618464841755674
0.04819144473415259
0.08105956271164352
0.10157923716823505
0.1083425875018024
0.10677463567711762
0.10216067513107209
0.09730164030338867
0.09492804165940258
0.09821379843695241
0.10752714091828248
0.11851777192232707
0.12522040052511957
0.12508079216295998
0.12014725534336934
0.11341030439342
0.10568993704209295
0.09791303194389003
0.09531143771932461
0.1056372117641083
0.13203620574571187
0.17110190312548307
0.2194240131294565
0.2760394002053451
0.3322189577919842
0.36367016695422066
0.34482055440939136
0.27458381878542254
0.1806249075366383
0.0938299497837123
0.02441580780541027
-0.03316974273205166
-0.08072570356516286
-0.1119788782677058
-0.1241965313793715
-0.12310192228316744
-0.11490109439025115
-0.1017590704273416
-0.0876935332422753
-0.08117596718681248
-0.0863905024081195
-0.09606490728326919
-0.09819467928323643
-0.08831357817863958
-0.07207722483833039
-0.057999938555740024
-0.051238476056964695
-0.052817138860910245
-0.060483224263957816
-0.06963240560528584
-0.07610999063106756
-0.07918205701609936
-0.08066320488388684
-0.08131063162260663
-0.07980253874586204
-0.07545622798861155
-0.07004315127705966
-0.06573224359055561
-0.06230061092154411
-0.05804549465380682
-0.0537142334618374
-0.054337155386280075
-0.06592627793240044
-0.090114259721199
-0.12226808347958645
-0.15437983052161472
-0.1793091537953704
-0.1939088836466789
-0.20103972583469215
-0.20811907350996578
-0.21877661496586692
-0.22341103170396545
-0.2030938358077921
-0.14925152762061103
-0.07789743734189071
-0.017848995738827197
0.015531667927875638
0.029288466602678954
0.03626408740982496
0.03884061669262742
0.03333198499873628
0.021624129434017206
0.009097363397369763
-0.005112761134334316
-0.026114523642374043
-0.052026154846661725
-0.0731667400322138
-0.0834968794922118
-0.08511912593274608
-0.07946153635692214
-0.06255056382213256
-0.034276032536729964
-0.005567394788536731
0.011159537597575975
0.015121209191054573
0.013592176312203216
0.007791590308945256
-0.009079045283523712
-0.039036943756497675
-0.07248574882646262
-0.09781541929574296
-0.1126384586479809
-0.12157280003340222
-0.12701358739226085
-0.12710029011956495
-0.12069118518948145
-0.10929614126830607
-0.09422154359344947
-0.07573835487781214
-0.055805781509416556
-0.03870016996954869
-0.027758023798111896
-0.02306864595125857
-0.022582414193171092
-0.023460424358935663
-0.022009137138282536
-0.01492758625489201
-0.002451772414638247
0.010828580948879549
0.019547183401665304
0.021356679585828826
0.016846870336633075
0.0073605413972499915
-0.005701439009887338
-0.020465023828088565
-0.03526298424432904
-0.04975272406271753
-0.06446208155067511
-0.07937878436674123
-0.09367016645977012
-0.10655921819884405
-0.11788429052410522
-0.1279296476209826
-0.1368147469845881
-0.1434294131987907
-0.1450113431543833
-0.13927263776512272
-0.1277259375370093
-0.1154348209641851
-0.10631960527846053
-0.10044792836208245
-0.09791684675715118
-0.10342526299354951
-0.12290557155595826
-0.1551261303324654
-0.19017847019842812
-0.21823001173251141
-0.2376207443664023
-0.2526519353047507
-0.26600325096697697
-0.27666039772871864
-0.28408136753122637
-0.2901361398512338
-0.29566251540278327
-0.2981831806571893
-0.2954614759357579
-0.28952890935143083
-0.28401838674342195
-0.27754405017693995
-0.262665271501824
-0.2330008636037786
-0.18991421736691613
-0.14078096569001936
-0.09208949837494229
-0.04622493572396487
-0.0036699111532183452
0.0352677002150107
0.07167996441157995
0.1077610174862871
0.1431001933813334
0.17335322252149288
0.1950544230966349
0.21027588777775003
0.22403566375233025
0.23872530719294913
0.25458449447417963
0.27443300597788883
0.30261228745742724
0.33771894643370926
0.3708698157959821
0.3942357076672928
0.4082041891785828
0.41671145474548427
0.4182616805640753
0.406602656672169
0.38003084589526204
0.34580118446824665
0.31436657337371776
0.29211480792954586
0.28007761441784107
0.27579950247879076
0.2740883020154915
0.26850780362090293
0.2554062891735972
0.2365043067868437
0.21677623092102663
0.2012183081113731
0.19468912650394485
0.202252462287998
0.22591878129988105
0.2605622459127949
0.29486069541688414
0.31664431470666904
0.3169246553929513
0.29103562236942754
0.24013378785968723
0.1729750256969248
0.10346968277132076
0.04369530025656173
-0.001140522165910208
-0.03149513348236529
-0.04976891539353386
-0.05896373091113789
-0.0625076319875318
-0.0622462452929349
-0.05679473381464035
-0.04404617765313312
-0.025459198617567902
-0.006168198529121169
0.009158651787693341
0.018617393768366186
0.020988727719026434
0.0140248751075166
-0.00306879120462789
-0.026440161722237825
-0.04896401151139079
-0.0651674393318326
-0.0740788150093046
-0.07747295919917514
-0.07633634057677566
-0.06929062608581299
-0.0540089372102754
-0.03016783526685911
-0.0013332544928996743
0.026323175169897257
0.04772523310031455
0.06134172718464501
0.06797007274027102
0.06798148525424064
0.060763597707536504
0.04659217626568503
0.02797532955957147
0.008849991891475744
-0.00724820245052852
-0.01873669327968222
-0.026812762699220703
-0.034771296876894286
-0.045503017387626604
-0.059253188947063655
-0.07408169951768025
-0.08791687277475771
-0.09910157140855749
-0.105669954396482
-0.10628555972727735
-0.10207375871754622
-0.09492396306772398
-0.08279720017073572
-0.05962370089340348
-0.02297368781656481
0.019541217044826028
0.055161706955688956
0.0775318071330463
0.09046988199704245
0.09986180387326875
0.10552098033102057
0.1034126222662424
0.0930921209838761
0.07895610302380386
0.0644441169442867
0.048211818709118656
0.026940875079728015
-0.00012738666567851454
-0.03053812299431554
-0.0610641634868593
-0.08957283163336553
-0.1151459541757933
-0.13740550524411843
-0.15593811210033126
-0.17058239602345837
-0.18256871318665646
-0.1944741815915195
-0.20756904219843478
-0.21969995385838764
-0.22799430412189806
-0.23365403403922172
-0.24066383721833162
-0.24751342470618884
-0.24282709016698056
-0.21346617509633406
-0.15770130813841227
-0.08840134110512067
-0.02306623465258153
0.02756774591901664
0.06185594755877038
0.08228001651846296
0.0905987832019802
0.08625806916514416
0.06739591261629209
0.03405015045680392
-0.008153905623768375
-0.04840471709803167
-0.07701434420810782
-0.09189566580246566
-0.09780248360370461
-0.09907092423480957
-0.09430134395046777
-0.07880660187845673
-0.05156382414706881
-0.01881280692644616
0.009477043585912167
0.02662405977363483
0.03288230740969
0.03276070289845279
0.029841972866239023
0.024948960272119246
0.01844387508748916
0.012212828974913721
0.008483077522852236
0.007817889486074186
0.009311136903286096
0.012136050471336235
0.016170546394256163
0.021810155091279138
0.02984842743687388
0.040584566129285064
0.05217406963434062
0.06110212475974577
0.06563959131589073
0.06729518978323622
0.06630406914591494
0.056646803361758556
0.029581918794702115
-0.01609638404133753
-0.06968989751679736
-0.11664481414899758
-0.14985119627802593
-0.1716131241781864
-0.1865479584680319
-0.19597285539613066
-0.1992767970539001
-0.19739524432037164
-0.19270713031037012
-0.18671983319759491
-0.17971976404240977
-0.17222745603210904
-0.16491065625638243
-0.1565414925583705
-0.14342269103877506
-0.12221695364871422
-0.09336410131111043
-0.061074399772640155
-0.02995073294231124
-0.002133065571586699
0.022392405061063023
0.0438044210995994
0.06160837243505662
0.07531568345043864
0.0850262612402681
0.09132102725531249
0.09527477908365084
0.09861719898997008
0.10298212697841949
0.10833408210582755
0.11239209009550147
0.11210388798476403
0.10584683690312083
0.09445568432037728
0.08080031302168945
0.06872871084299079
0.061716627071877556
0.0613318850657137
0.06644469355413943
0.07424923734614663
0.08251592649076461
0.0909085355180273
0.10003470713573195
0.10956194977267167
0.11799531650506107
0.1246266462094451
0.13104326441512051
0.13975701001231244
0.15135916760657842
0.16390420923397211
0.17515517897148522
0.1840549384888993
0.18914350318214943
0.1870442566796069
0.17484244987606562
0.1540940473136666
0.13055312914477335
0.10904676210529449
0.08989181381392371
0.07118465265990859
0.05301130971297692
0.037440516808879484
0.02501231888954077
0.013675004934469853
0.0021151642802970322
-0.007326640176840603
-0.010454125900148532
-0.005521138655071087
0.005155167584348544
0.017469605526559982
0.028263801420521636
0.03581215787569894
0.039084442610658826
0.03779283648040462
0.03290628704010774
0.02607223941015543
0.01816683516376721
0.008793437417902363
-0.002768578265277774
-0.01668026512769143
-0.03268212279865668
-0.05031853227267541
-0.0685270030553984
-0.08564414175683933
-0.10060158129066059
-0.11381851963141572
-0.1261423400940322
-0.13701785185161344
-0.144423834330963
-0.14658458529014182
-0.1429285625702924
-0.13307794163702896
-0.11558154859897438
-0.08843903863073915
-0.05134054879314112
-0.007807821266261241
0.03488394009862518
0.0690420876857754
0.09135760824183395
0.10482720185204097
0.11542278131783933
0.1269085054527002
0.13929175577138758
0.1512776842084104
0.1621308296709661
0.1708297803247865
0.1755015782752915
0.17504855550350426
0.17014112574563994
0.16149658589921156
0.14850459050530176
0.13098808092474704
0.11089596592031165
0.0899797553784427
0.0666156699351534
0.037836577780291245
0.0049370238748016725
-0.02552696537589271
-0.0475905351986109
-0.06095474241045703
-0.0690511421252809
-0.07402502548480464
-0.07579365702346821
-0.07493463602646698
-0.07378030790551401
-0.07425268826778471
-0.07640422337643821
-0.07971619670477008
-0.08440523513653549
-0.09045536380114068
-0.09617746038089071
-0.09878659669998104
-0.09638613022437338
-0.08918631678798455
-0.07931047081843366
-0.06984003355017711
-0.06345136509664695
-0.06104044864440493
-0.06145084278229648
-0.06282155763389191
-0.06425117938046379
-0.0661035679829683
-0.06901982345711805
-0.07300586039320303
-0.07729286642545186
-0.08056307026361684
-0.08116534071422021
-0.07745512863838358
-0.06834784066486857
-0.053868066188402
-0.035400520425902804
-0.015352499064033869
0.003836770940606292
0.020669009191227137
0.03452688506995539
0.0446814858250621
0.04981719806326161
0.04887320137009666
0.042077767412538825
0.03092143712000134
0.01765610048580092
0.005354550398123925
-0.0023119995082727
-0.0029497152497806028
0.0023028074553904238
0.009124544255034348
0.013177679740869032
0.012682656668612183
0.008051287989476043
0.00027746998601198535
-0.009389131151612452
-0.01897662848669449
-0.02638702584389559
-0.030642237075830824
-0.03192448424092674
-0.030533368168516355
-0.02659519169564401
-0.020795115830450055
-0.014560208993945783
-0.009280618930131693
-0.005922995426513813
-0.005392263025133442
-0.008287880372447693
-0.013862334885600723
-0.020110422516845868
-0.02571032484118408
-0.03141039933386625
-0.03874971332674165
-0.047779901415835865
-0.05687714691177374
-0.06455983757031372
-0.0705052823758918
-0.0747064447511822
-0.07664348426929685
-0.07576762091151928
-0.07204748598348483
-0.06539189442447782
-0.055115005221919186
-0.040867021119018555
-0.023913262628111324
-0.006595169909105916
0.009697375179690835
0.025431722969054636
0.0416160727708374
0.05815525180944176
0.07381971823695722
0.08722784410529955
0.0972437613809927
0.10283437264503077
0.10346425554303212
0.09980742632832987
0.09351247921651715
0.08607051173219536
0.0782901387197672
0.07084795748532051
0.06454658924382302
0.05945828126205633
0.05418680357003768
0.04657641586990183
0.03521049036497049
0.020242330358294938
0.003410714331785592
-0.012174736985441813
-0.02283510152098215
-0.02621567731364614
-0.023016450379727587
-0.016534020259969247
-0.010203532975547425
-0.0056549328250068386
-0.0028375323662394153
-0.0011085472813809115
0.00026655400870061115
0.001986786804135019
0.004102321075326023
0.005411371837422762
0.004041164604637301
-0.0010143919095086569
-0.008996218092047599
-0.01802203327145656
-0.02647106857481314
-0.03379208598251384
-0.04033094973700422
-0.04673586268837357
-0.053567738364189064
-0.0611911487232445
-0.06964429652365664
-0.07844773041955728
-0.08678328547017065
-0.09421250437182295
-0.1011375963410586
-0.10805099839724425
-0.11411594405601688
-0.11697480333400559
-0.114557743088057
-0.10703783376017184
-0.09656651618452139
-0.08509621475651669
-0.07295424951651064
-0.05962316266536449
-0.045200181559953596
-0.03048573491168509
-0.016019669107255434
-0.0018517434556471863
0.011664444512800394
0.02352914945125806
0.03278232621424994
0.03884987439219791
0.04066812748205829
0.036090913502382964
0.02338128915975161
0.003729574207567578
-0.018314890070236574
-0.037604470591906275
-0.0517433957046177
-0.06172106268860897
-0.06954614548323261
-0.07561144443287122
-0.07835722918200726
-0.07613602677540557
-0.06898835333931061
-0.058424145750382746
-0.04573569634334577
-0.031105655953475034
-0.01464231855800691
0.0022068468902494663
0.017020369360569464
0.028264683929659522
0.03627661085298573
0.04218512090341675
0.04627709778682268
0.04782641004280924
0.046467254830855044
0.04350599793232775
0.04170402873359167
0.04345949616175537
0.048921244209396614
0.056043708881039114
0.06270642155896196
0.06835324457951127
0.0730902852029159
0.07594372413005074
0.0754003688537411
0.0716154091767173
0.06662577864518694
0.062026559510948265
0.05781276380442442
0.053817255415132007
0.05017521215114613
0.045043757473509874
0.03402678829455913
0.014612311945983334
-0.009539494253818493
-0.031127587293657406
-0.04544511817641387
-0.0514746582917704
-0.047557027319004734
-0.030590865392053457
-0.0017655478477203313
0.03013821386887347
0.05471503530975796
0.06827871403725688
0.07404226494704877
0.07555118854893757
0.07330452234939361
0.06745517368483796
0.05997294577514917
0.052512828132257106
0.044459980092831676
0.03481715474962351
0.024490845337985918
0.015118219911620313
0.006915430970358279
-0.0005298692234748687
-0.006258521666408721
-0.008815946417484248
-0.008931175561997856
-0.00935234275120326
-0.011507165551352857
-0.013756312790486749
-0.013644823650704413
-0.01074825062977985
-0.006454231751462235
-0.0018931982603561336
0.002710475431473258
0.007078329860573441
0.010565982995306328
0.013002123328910003
0.014957291490365262
0.016851144114804508
0.018484652957457885
0.019924643479387577
0.022344331724070417
0.027375477206105673
0.03577772027425768
0.047075613219155606
0.06011771034501162
0.07335550977974138
0.08482378816070063
0.09279901922706556
0.09673459415123299
0.09675015361376357
0.09176196023129116
0.07907917666434566
0.05715792725838686
0.028778316789707024
0.00040416943083835925
-0.022272188531604106
-0.037928170603501406
-0.04879028694335076
-0.05708973507330209
-0.06301280185848077
-0.06563050409815746
-0.06470566696840462
-0.06118261581292853
-0.056441609988933904
-0.051517756783961415
-0.04677281734658927
-0.04186430051366347
-0.036038216067571724
-0.02876396425609774
-0.020210840765218188
-0.011053993767082751
-0.0018922542615004512
0.007004974060973511
0.015487331149740815
0.023315976748508004
0.030132766114048352
0.03533325021014661
0.03793825159779072
0.03703911714616862
0.032769930564940535
0.026704164268766338
0.0209079093724098
0.01651655616362628
0.013365099207521401
0.01085241960062658
0.008765710847701983
0.007202191769188477
0.006097933665539389
0.005107231817821106
0.0037246432658061264
0.0013242204643545794
-0.0025910530827196114
-0.007719048855378221
-0.012659317612035016
-0.015838737575175652
-0.016936495151381323
-0.01706116083513655
-0.01732995755896992
-0.017575421532772147
-0.016655469790004918
-0.013658010681123671
-0.008438923609372337
-0.001432526206499894
0.006234470155686769
0.012452924327487187
0.01491736907873675
0.01284109487755699
0.007520808300080856
0.0007830527380840807
-0.0066362643965139625
-0.014534507909463826
-0.021583958801805168
-0.025444415871896362
-0.024848905475749857
-0.02081327061233542
-0.015399891556949845
-0.009916847235665301
-0.004719450507452493
-2.142653655152316e-06
0.004089508456755
0.007819270694571317
0.011490114560425828
0.01470919106041051
0.016609514778393532
0.016794400523580118
0.015544245066466691
0.013154432732978389
0.009703340015289821
0.005566474745719882
0.0015797337370606565
-0.0014915014909163385
-0.003223172481189132
-0.003292107394958283
-0.0016474640573091429
0.0009248867729300719
0.003212067724007247
0.0050046884148695295
0.007434080143729482
0.011269671968233303
0.015494374371254895
0.018430206251676677
0.019896451583926823
0.02123666238322882
0.02327217393619353
0.02529362713664299
0.026406462791643437
0.026951199351350853
0.02787937245064433
0.029212897734710096
0.029883416407253165
0.028993159539131008
0.026667664746974722
0.023644160830924438
0.02048132215895931
0.01727729656787221
0.013747421970893807
0.009316088613559342
0.003396594547569443
-0.004052410495092444
-0.012256766521876444
-0.020151179626819844
-0.027201779754079718
-0.03346862059488251
-0.03874899910731958
-0.04196976307699535
-0.04187294267889532
-0.038399137234064906
-0.033134881466634764
-0.02822927576338638
-0.024954544106030336
-0.023267530302740626
-0.022357546044959712
-0.02133422023175448
-0.019703135861905568
-0.017684552069615778
-0.016027236778803543
-0.0150677887325019
-0.013964605213134652
-0.011385994455829496
-0.007169848454918016
-0.002850289380954085
-0.00020203620915155442
0.00038861922379138927
-0.00023022344572483182
-0.0012605346638621243
-0.002345896852099877
-0.002875854223684684
-0.0018929135792014374
0.0008286128035204038
0.004114730692298725
0.006288441426333496
0.00650018967084683
0.004924904022423406
0.0021544024043766083
-0.0009515759234577992
-0.0030560643296475053
-0.0028483464637831927
-0.00010760364859003603
0.004031379324074168
0.007958199172169736
0.010439411267910979
0.010741334899811225
0.008675387387228312
0.004932932219328874
0.0008928489111434656
-0.002439467587794443
-0.005138690788596179
-0.007748096913358167
-0.010353613843868641
-0.01274363346904743
-0.015161307350229011
-0.01821224116279358
-0.02205895515850265
-0.026285054053637336
-0.030592277341961557
-0.03508036622612711
-0.03973875674491983
-0.04421044674462551
-0.0482540319593949
-0.051945190718298374
-0.05518254119527501
-0.05745599276620406
-0.05835796475109371
-0.05782326283300808
-0.05552994736926195
-0.05063794989227927
-0.04273488996659244
-0.03271852533676435
-0.022176331719137136
-0.012187801812664427
-0.0033396972897041218
0.0034695825628996923
0.0072750475154868596
0.008218025469500134
0.007616675494358432
0.006546344975707496
0.0050329588454560885
0.0029732109458016818
0.0010439640164981352
-3.809888049184807e-06
-0.0004301972814046567
-0.0010671655089151166
-0.00203523311092218
-0.0026744416381505073
-0.002667317711736873
-0.002446922458199797
-0.0023961256791740497
-0.0024069207596927183
-0.0025256389699056616
-0.0033284938480966867
-0.005109202875838232
-0.007144442762083295
-0.008363859595145687
-0.008501262736039393
-0.008044614298464689
-0.007273831256209271
-0.0060096413272503315
-0.004256193491052591
-0.002357585382013776
-0.0003237303409998589
0.002313096971417144
0.005528040338149272
0.008194527515463979
0.009033980797270294
0.007932739574390507
0.0058192377266006075
0.0035184952155685348
0.0014302924616567923
0.0002123933767242852
0.0008018262825898611
0.003303482398030966
0.006520527137129539
0.009214929205581151
0.011408912880085397
0.013735841552534368
0.015791421143350665
0.0160429252193719
0.013498070684760987
0.00870101642036924
0.002835573817012238
-0.0033153254007838523
-0.008914923399763077
-0.012313913890084746
-0.011857474616657825
-0.007453738449821995
-0.00059377808255935
0.007170720129840239
0.014926077287991831
0.02146227309631404
0.02480092442055154
0.023618654654299645
0.018750752236341747
0.012483180108544005
0.006512117762179991
0.0012227992150084202
-0.00333888854105015
-0.006860268772015977
-0.009405753685933342
-0.01181640415186655
-0.014848349428459385
-0.018260084526988265
-0.021126884688238708
-0.022689644214354484
-0.0225465265723345
-0.020507724534929453
-0.016927633161577867
-0.012987199003560481
-0.010011558177132139
-0.008487748136249779
-0.008142336130909984
-0.008744410444315232
-0.010090843199164971
-0.011195132774532709
-0.01042899276709497
-0.007045690468064147
-0.0020710485848777368
0.0028816656350298137
0.007342502468644162
0.01195604929736073
0.01702288590274622
0.02189125812737221
0.025903569959783174
0.029208790489803203
0.03221279824878528
0.03469831151179487
0.03602584316690639
0.03596249970307902
0.03474440195536599
0.03236528057609128
0.02838601776079572
0.022679726161528097
0.01600415057235749
0.00960145551796193
0.004530031163558217
0.0016053496924878766
0.0015191520582791284
0.004321232822777051
0.008767679733635968
0.012784027237125368
0.01494572236895113
0.015385159784032064
0.015227750525295573
0.015483464205030903
0.016613696826498943
0.018715643186457735
0.021637395644303736
0.02496889045479457
0.028203279961777433
0.030904376414515308
0.032671418075302404
0.033258015162428316
0.03300661333766989
0.03283019645077908
0.03322483415611789
0.03339126932891167
0.03185064542138301
0.027930419308009075
0.022129294591658577
0.015020866143644403
0.006585407057102296
-0.002907388377958341
-0.011940798591596417
-0.018491608076866475
-0.021751626433177847
-0.02266180154611368
-0.022729076312132918
-0.02274013590678135
-0.022746489303258267
-0.022894468836015192
-0.023862997314145075
-0.026436441272018208
-0.030758993082111497
-0.03608229407028712
-0.04129167720167174
