0.005192977000000019
0.004572498747253107
0.0020272470451625185
0.0002765389557663607
0.00013403347346431719
0.00021601271657014823
-0.0003791800039487328
-0.0010009032465162165
-0.0010487944644544031
-0.0009687463997405815
-0.0012193819766479594
-0.0015252173815366137
-0.0017152701685716708
-0.0022634681177633956
-0.0032963811672581476
-0.0038414356622813277
-0.0029125065588352546
-0.0010277414429325023
6.346918682023529e-05
-0.0007301634179006485
-0.0024442309439603924
-0.0026442335960385325
0.0003898975416843698
0.005800962745750739
0.010612951491299262
0.012279072520112793
0.010408441360678127
0.005705217202256895
-0.0016356684905188567
-0.010833029533297974
-0.018347755722872554
-0.019498350676864527
-0.013704130357314038
-0.0065370268625662906
-0.0045777975870366265
-0.008650348775715015
-0.013497680382323539
-0.013641336883407696
-0.008161979130981196
-0.0003319160330902973
0.005389184255871737
0.005876822146737154
0.0011464913208125312
-0.004999870595633789
-0.007133366356892479
-0.002141931059690552
0.008921065389519287
0.022183345552464692
0.03245634033912209
0.033853316750177366
0.02258394107321766
0.0019143798110268285
-0.01723435091720651
-0.023945642997862737
-0.016388702601897304
-0.002458493302991954
0.007837206900350746
0.009302936313437007
0.0026006339528119268
-0.0079029077640836
-0.01638715798143426
-0.018337568108000267
-0.013311565273707977
-0.004925393206044966
0.001980697842478807
0.003619635423250357
-0.001965496936911983
-0.013415680403278023
-0.02484236151462365
-0.02905189811712734
-0.023866050142585696
-0.013697968934869324
-0.0037874176973370973
0.004983371423947593
0.01412019520570597
0.023154191427848657
0.030207038973945877
0.035195754402780256
0.03907625031286942
0.04053522467706461
0.03656557033900085
0.026292933853964112
0.011759546272964732
-0.004392667537369807
-0.018619612271797786
-0.024372267868911276
-0.01566435449610335
0.004342337545955421
0.021681820874652976
0.02257564944254474
0.005615066286681359
-0.018748603305512687
-0.03896995606514137
-0.04975201155528151
-0.05037174706686143
-0.041048535333028796
-0.023724563131368698
-0.004288792327227109
0.009291065406908433
0.012162845764631508
0.0056636958725075365
-0.004529338096628011
-0.012724081762453734
-0.01597051856261313
-0.013917302631075943
-0.007583760245822565
0.0011332691312493607
0.009828051071374714
0.017079700541045267
0.023809556584078913
0.03207190205632357
0.042110350660502505
0.051446244654533464
0.05704595020774356
0.05726567036353349
0.0515073739544648
0.03982403289869324
0.02402563269407521
0.007640044293729126
-0.006783047001309348
-0.019081394112222243
-0.02865831380384266
-0.03224592500275189
-0.027858181080526147
-0.020307220202930347
-0.018490024450772413
-0.02542559913483509
-0.03378462268410221
-0.03343114619670245
-0.021439147414076938
-0.0028276487004929582
0.015936033736462026
0.03053717768639527
0.037492515132508904
0.03448833156888574
0.024087086356753953
0.014184935130997214
0.012016868512306227
0.018232421624162422
0.027695981509398587
0.03447544461918793
0.034663763786562746
0.02652606792908993
0.011522592135866217
-0.004409195627699743
-0.01354681769134402
-0.0126037556649083
-0.005907892449961683
-0.001443437082505393
-0.0037746368597554197
-0.01069255836815744
-0.015491991207029222
-0.01180228759849821
0.002138582889181826
0.02131094776125716
0.03558481313362544
0.03613613311397893
0.02292539103306358
0.006015467444465816
-0.0021260798255359576
0.0033451403678727114
0.017060312443180525
0.02966826751945378
0.03484374493424977
0.03083336814454675
0.019220677439010417
0.005252408077705448
-0.002872348979244301
0.000303810087049864
0.011729266087094202
0.02254284767892268
0.026839546670518053
0.02486323517038755
0.017880964458153858
0.0052982644252711425
-0.010612228799376025
-0.022123281219046817
-0.023141403458331815
-0.016509630780323713
-0.010404491684634828
-0.01020566035126591
-0.0175814709958988
-0.03240072739604107
-0.04769047374018413
-0.0467277316481323
-0.017633549922030315
0.027105084070546664
0.05715918139795543
0.056222526041611126
0.03862683586177604
0.02787774167768142
0.027901616645812335
0.025492610925505647
0.013884478563062281
0.00012499158423265745
-0.009100483441272256
-0.015795518404364196
-0.02259513572106551
-0.02668581022577113
-0.025101771688067067
-0.018018928233678334
-0.004386198491605021
0.016882409928098824
0.0378636206182131
0.043138729269650095
0.02658055311353869
-0.00021491940045831684
-0.021639350274894793
-0.03262211604912565
-0.03328399579805926
-0.018932004099238054
0.011917097397721095
0.04392614084805035
0.05339598886777977
0.03280576667179739
-0.0010792206740387771
-0.024187869499995088
-0.02320727945795204
0.0010173332214706116
0.035946248913036064
0.06033074893391224
0.05640237258098433
0.02700205785047562
-0.00515506263960951
-0.020433877282134937
-0.018700944439070017
-0.009185395827253985
0.005799955868561794
0.026409640158082698
0.04128292221421353
0.03351213387619954
0.0031465139834985774
-0.027410278314673877
-0.036486464222000636
-0.025429193782681093
-0.012693893629411245
-0.010806501790995793
-0.015825248091737687
-0.01734547580665635
-0.011516844614864848
-0.0019608640267095943
0.007548073415872588
0.016813747032141797
0.02619037181860825
0.03336508350804532
0.03516839715559367
0.03147565013273386
0.025580732915568016
0.02137259854938841
0.02194135065921009
0.029581380186632703
0.04270393329607825
0.05156347832500196
0.04228006550781582
0.010475351156910034
-0.030201208944076196
-0.05739064043965164
-0.05840828337699839
-0.03786358140402767
-0.009600430386252948
0.014293418934881917
0.02767903133726183
0.0302471584884404
0.02631136884237425
0.020759842418909154
0.014313905841720147
0.004875839550693419
-0.0064509209546934265
-0.014898867262542807
-0.018789073407544363
-0.022153648626833413
-0.028372108314640137
-0.035756191176994766
-0.042337716419726654
-0.04971628747967928
-0.057157679530212425
-0.0565943344869376
-0.04075695110783778
-0.014070158560445219
0.011735865558859726
0.031661688562300776
0.049310105862011074
0.06481894914096833
0.07033023016415454
0.06141617839594534
0.045597398809669516
0.03359680350789727
0.026973597666713794
0.020415752798309827
0.012607355227952914
0.007915097160488362
0.008565408215927243
0.011251139594537343
0.011707588180642846
0.008080722312611012
-5.348410407784955e-05
-0.01108699028961667
-0.019274588710017346
-0.018422283032780103
-0.009921306539738124
-0.0032953769928009318
-0.006054349626801256
-0.015539744783840409
-0.023087561945906474
-0.023913159537175512
-0.02033799442224892
-0.017116119191989364
-0.016600498134450022
-0.018050531408898438
-0.019591442397243662
-0.0209007560432151
-0.024825238089867193
-0.03510744140651662
-0.05102391054303389
-0.06572915095644576
-0.07238674568323941
-0.0714838165708151
-0.06985945085919705
-0.07283322329241097
-0.07991478604980262
-0.08861539278842029
-0.09940080782156134
-0.11461348108073792
-0.13390641567836128
-0.15327784010822926
-0.16890646348748
-0.18052101726914285
-0.19038827683630175
-0.199742136321378
-0.2069798917712212
-0.20932232855257965
-0.20563364181657298
-0.19697789249683914
-0.18438674840204136
-0.16700885608838925
-0.14342094468427383
-0.1143143932300382
-0.08241643347473954
-0.04955434871103801
-0.015603080554676397
0.01840613532724488
0.04769115034448546
0.06672834915068902
0.07488136026700902
0.07702938614128707
0.07827713558331313
0.08020297372328927
0.08311997787228605
0.08916074552871951
0.10026815501317639
0.11449339660250904
0.1275515770725629
0.1378947175973655
0.14719720670637781
0.15552501914776917
0.15953685550181576
0.1569610702194362
0.14948040309627608
0.13851530723887212
0.12104734532403306
0.09354311616779774
0.058321512059424645
0.021514061663337514
-0.014861873679174579
-0.05432403286818342
-0.0993573233441209
-0.14850411621402365
-0.2007202063573349
-0.2554462546820809
-0.30372673696499525
-0.32586510628320453
-0.30769558424132437
-0.2591101104404801
-0.20881455943198504
-0.17868240427569185
-0.1686607599600355
-0.16767913662302922
-0.17087807165335203
-0.1803556820159674
-0.19519689911224272
-0.20971901983500926
-0.2205875810927923
-0.2290888459012643
-0.23648298738166867
-0.24259397285471218
-0.24873318388326376
-0.2564456026679942
-0.26365747537992335
-0.26800304604187786
-0.27228061708630863
-0.27614829873260416
-0.26064100640636306
-0.1952423693126
-0.07219632728379369
0.07297055525232536
0.18748464913568647
0.24595893198822863
0.26074106120536755
0.2544057514365735
0.238863859731526
0.2229736929467568
0.22248298425085214
0.2505657209923415
0.30630049983207486
0.38015085822704037
0.4627105008726219
0.5403608580983312
0.5922369303399467
0.6042968517578089
0.5815452212618898
0.535992812447453
0.47005029757216016
0.38656980017107084
0.3077161168098299
0.25964630674072203
0.2348543939738848
0.19353290697411532
0.11526508851285155
0.0304367725284172
-0.018343524414531236
-0.032334391194604524
-0.05056508126129778
-0.09378743476769204
-0.14081136597542432
-0.1644010359492568
-0.16619521471028056
-0.1632913285396954
-0.15926776984089733
-0.14795230942785265
-0.1351593458792351
-0.13388861848424982
-0.13805139183638054
-0.12062935069445134
-0.06561511530895656
0.010229637425056427
0.07518735142180599
0.11307745341848585
0.12822335801771773
0.12937221792547476
0.12239333467452974
0.11722015796102808
0.12865023598642
0.1640081409030972
0.21486718050681392
0.2639594691727682
0.2960110792643099
0.300645474839761
0.27297499284548765
0.219061223202443
0.15709429065442837
0.103999246390586
0.059423745505845504
0.009278548226604394
-0.052747028086920215
-0.1134159525992982
-0.15417853882442134
-0.1724488249097538
-0.18179609541036595
-0.19271830093322206
-0.20146215439407988
-0.20022770225956554
-0.19063172569167997
-0.17992313696138681
-0.16785961785410974
-0.14699670223846836
-0.11728614043451377
-0.09111170425679053
-0.07718010785358342
-0.0648163233747157
-0.03362134226154512
0.02112107674193506
0.08012433991056611
0.11929618598945856
0.13111940542950046
0.12388421651045282
0.106476422329476
0.08138633563658611
0.05037193368067984
0.01927114940539687
-0.0045939547457921675
-0.015614838323943787
-0.009811383109331918
0.013618464841755667
0.0481914447341526
0.08105956271164348
0.10157923716823505
0.10834258750180238
0.10677463567711758
0.10216067513107208
0.0973016403033887
0.09492804165940262
0.09821379843695248
0.10752714091828251
0.11851777192232708
0.12522040052511962
0.12508079216295998
0.12014725534336937
0.11341030439342001
0.10568993704209295
0.09791303194389009
0.09531143771932463
0.10563721176410827
0.13203620574571184
0.1711019031254831
0.21942401312945653
0.2760394002053452
0.3322189577919842
0.36367016695422055
0.3448205544093914
0.2745838187854225
0.1806249075366383
0.09382994978371235
0.024415807805410333
-0.033169742732051644
-0.08072570356516284
-0.11197887826770583
-0.12419653137937152
-0.1231019222831674
-0.11490109439025115
-0.10175907042734166
-0.08769353324227537
-0.08117596718681248
-0.08639050240811956
-0.09606490728326927
-0.09819467928323647
-0.08831357817863955
-0.07207722483833033
-0.05799993855574
-0.051238476056964695
-0.052817138860910245
-0.060483224263957774
-0.06963240560528586
-0.07610999063106753
-0.07918205701609933
-0.08066320488388677
-0.08131063162260661
-0.07980253874586203
-0.07545622798861155
-0.07004315127705966
-0.06573224359055561
-0.06230061092154412
-0.0580454946538068
-0.05371423346183739
-0.054337155386280075
-0.06592627793240047
-0.09011425972119902
-0.12226808347958645
-0.15437983052161475
-0.1793091537953705
-0.1939088836466789
-0.20103972583469212
-0.20811907350996572
-0.21877661496586692
-0.22341103170396548
-0.2030938358077921
-0.14925152762061103
-0.07789743734189074
-0.01784899573882724
0.015531667927875619
0.029288466602678937
0.03626408740982495
0.038840616692627394
0.03333198499873629
0.021624129434017206
0.00909736339736978
-0.0051127611343343106
-0.026114523642374085
-0.0520261548466617
-0.07316674003221371
-0.08349687949221173
-0.08511912593274601
-0.07946153635692213
-0.06255056382213252
-0.03427603253672992
-0.0055673947885366264
0.011159537597576024
0.015121209191054554
0.013592176312203214
0.007791590308945276
-0.009079045283523733
-0.039036943756497716
-0.0724857488264626
-0.09781541929574299
-0.11263845864798089
-0.12157280003340222
-0.1270135873922608
-0.12710029011956497
-0.1206911851894814
-0.1092961412683061
-0.09422154359344953
-0.07573835487781216
-0.05580578150941652
-0.03870016996954869
-0.027758023798111917
-0.02306864595125858
-0.0225824141931711
-0.023460424358935587
-0.022009137138282533
-0.01492758625489196
-0.0024517724146381962
0.010828580948879573
0.019547183401665315
0.02135667958582884
0.016846870336633093
0.007360541397250024
-0.005701439009887326
-0.02046502382808858
-0.035262984244329026
-0.04975272406271751
-0.06446208155067515
-0.07937878436674127
-0.09367016645977017
-0.10655921819884405
-0.11788429052410525
-0.12792964762098266
-0.13681474698458812
-0.1434294131987907
-0.1450113431543833
-0.13927263776512275
-0.1277259375370093
-0.11543482096418511
-0.1063196052784605
-0.10044792836208243
-0.09791684675715118
-0.10342526299354947
-0.12290557155595823
-0.15512613033246545
-0.1901784701984282
-0.21823001173251141
-0.23762074436640224
-0.25265193530475066
-0.26600325096697697
-0.27666039772871864
-0.28408136753122626
-0.2901361398512338
-0.2956625154027832
-0.2981831806571893
-0.29546147593575783
-0.28952890935143083
-0.2840183867434219
-0.27754405017693995
-0.262665271501824
-0.23300086360377853
-0.18991421736691605
-0.1407809656900193
-0.09208949837494233
-0.04622493572396487
-0.0036699111532183318
0.03526770021501067
0.07167996441157994
0.10776101748628708
0.1431001933813334
0.17335322252149293
0.1950544230966349
0.21027588777775
0.22403566375233025
0.2387253071929491
0.25458449447417963
0.27443300597788883
0.3026122874574272
0.33771894643370926
0.3708698157959821
0.3942357076672928
0.40820418917858275
0.4167114547454842
0.4182616805640752
0.40660265667216905
0.38003084589526204
0.34580118446824665
0.31436657337371765
0.29211480792954586
0.2800776144178412
0.27579950247879076
0.2740883020154915
0.26850780362090293
0.2554062891735972
0.23650430678684362
0.21677623092102657
0.201218308111373
0.19468912650394485
0.20225246228799804
0.22591878129988105
0.2605622459127949
0.29486069541688414
0.3166443147066691
0.3169246553929512
0.2910356223694276
0.24013378785968723
0.17297502569692488
0.10346968277132085
0.04369530025656178
-0.0011405221659101328
-0.03149513348236523
-0.04976891539353382
-0.05896373091113789
-0.06250763198753183
-0.06224624529293492
-0.05679473381464036
-0.04404617765313312
-0.025459198617567867
-0.006168198529121142
0.009158651787693362
0.01861739376836619
0.02098872771902643
0.014024875107516573
-0.003068791204627918
-0.026440161722237857
-0.048964011511390806
-0.06516743933183254
-0.07407881500930455
-0.0774729591991751
-0.07633634057677563
-0.06929062608581302
-0.05400893721027544
-0.030167835266859153
-0.0013332544928996823
0.02632317516989727
0.04772523310031456
0.06134172718464502
0.06797007274027099
0.06798148525424064
0.06076359770753647
0.046592176265685036
0.027975329559571466
0.008849991891475754
-0.007248202450528559
-0.018736693279682186
-0.02681276269922071
-0.03477129687689426
-0.045503017387626576
-0.05925318894706368
-0.07408169951768029
-0.08791687277475767
-0.09910157140855747
-0.10566995439648202
-0.1062855597272773
-0.1020737587175462
-0.09492396306772397
-0.0827972001707357
-0.05962370089340348
-0.022973687816564843
0.019541217044826007
0.05516170695568898
0.07753180713304633
0.09046988199704245
0.09986180387326878
0.10552098033102057
0.10341262226624247
0.09309212098387612
0.07895610302380383
0.06444411694428669
0.04821181870911869
0.02694087507972801
-0.00012738666567852343
-0.03053812299431554
-0.06106416348685931
-0.08957283163336552
-0.11514595417579329
-0.13740550524411838
-0.15593811210033126
-0.1705823960234584
-0.18256871318665646
-0.19447418159151955
-0.20756904219843486
-0.21969995385838767
-0.2279943041218981
-0.23365403403922172
-0.24066383721833162
-0.24751342470618884
-0.24282709016698056
-0.2134661750963341
-0.1577013081384123
-0.08840134110512071
-0.023066234652581574
0.027567745919016635
0.06185594755877032
0.0822800165184629
0.09059878320198014
0.08625806916514413
0.06739591261629208
0.03405015045680394
-0.008153905623768321
-0.04840471709803166
-0.0770143442081078
-0.09189566580246564
-0.0978024836037046
-0.09907092423480952
-0.09430134395046774
-0.07880660187845669
-0.05156382414706881
-0.01881280692644618
0.00947704358591216
0.026624059773634818
0.032882307409689976
0.032760702898452836
0.029841972866239047
0.024948960272119233
0.01844387508748917
0.012212828974913692
0.00848307752285222
0.007817889486074214
0.00931113690328613
0.01213605047133627
0.016170546394256222
0.021810155091279138
0.029848427436873874
0.04058456612928505
0.05217406963434061
0.061102124759745746
0.0656395913158907
0.06729518978323622
0.066304069145915
0.05664680336175856
0.02958191879470213
-0.016096384041337508
-0.06968989751679737
-0.11664481414899762
-0.14985119627802593
-0.1716131241781864
-0.1865479584680319
-0.19597285539613066
-0.19927679705390014
-0.19739524432037162
-0.1927071303103701
-0.1867198331975949
-0.17971976404240975
-0.172227456032109
-0.16491065625638243
-0.1565414925583705
-0.143422691038775
-0.12221695364871421
-0.0933641013111104
-0.06107439977264014
-0.029950732942311247
-0.002133065571586712
0.022392405061062996
0.04380442109959936
0.061608372435056645
0.07531568345043864
0.0850262612402681
0.09132102725531249
0.09527477908365084
0.09861719898997004
0.10298212697841949
0.10833408210582755
0.11239209009550144
0.11210388798476405
0.10584683690312081
0.09445568432037726
0.08080031302168945
0.06872871084299077
0.06171662707187752
0.06133188506571373
0.06644469355413943
0.07424923734614669
0.08251592649076465
0.09090853551802734
0.10003470713573201
0.10956194977267172
0.11799531650506107
0.12462664620944511
0.13104326441512054
0.13975701001231244
0.15135916760657844
0.1639042092339721
0.1751551789714852
0.1840549384888993
0.18914350318214945
0.18704425667960695
0.17484244987606568
0.1540940473136666
0.13055312914477332
0.10904676210529446
0.08989181381392371
0.07118465265990859
0.05301130971297692
0.03744051680887954
0.025012318889540832
0.013675004934469881
0.0021151642802970097
-0.00732664017684058
-0.010454125900148504
-0.0055211386550711025
0.005155167584348523
0.017469605526560003
0.028263801420521713
0.03581215787569899
0.039084442610658854
0.03779283648040466
0.03290628704010774
0.026072239410155483
0.01816683516376723
0.008793437417902356
-0.0027685782652777527
-0.016680265127691395
-0.032682122798656656
-0.05031853227267542
-0.0685270030553984
-0.08564414175683933
-0.10060158129066056
-0.11381851963141572
-0.12614234009403216
-0.13701785185161344
-0.14442383433096298
-0.14658458529014184
-0.14292856257029238
-0.13307794163702893
-0.11558154859897438
-0.08843903863073917
-0.05134054879314112
-0.0078078212662611845
0.034883940098625256
0.06904208768577541
0.09135760824183402
0.104827201852041
0.11542278131783937
0.12690850545270024
0.13929175577138758
0.1512776842084104
0.16213082967096615
0.17082978032478646
0.1755015782752915
0.17504855550350423
0.17014112574563992
0.16149658589921156
0.14850459050530176
0.13098808092474706
0.11089596592031169
0.08997975537844269
0.0666156699351534
0.03783657778029124
0.004937023874801677
-0.02552696537589271
-0.04759053519861086
-0.060954742410456994
-0.06905114212528089
-0.07402502548480461
-0.07579365702346823
-0.074934636026467
-0.07378030790551404
-0.07425268826778471
-0.07640422337643822
-0.07971619670477009
-0.08440523513653556
-0.09045536380114068
-0.09617746038089071
-0.09878659669998105
-0.0963861302243734
-0.08918631678798462
-0.07931047081843372
-0.06984003355017715
-0.06345136509664699
-0.061040448644404936
-0.06145084278229648
-0.06282155763389194
-0.06425117938046379
-0.06610356798296833
-0.069019823457118
-0.073005860393203
-0.07729286642545183
-0.08056307026361684
-0.08116534071422021
-0.07745512863838361
-0.0683478406648686
-0.053868066188402
-0.0354005204259028
-0.015352499064033815
0.0038367709406062797
0.020669009191227106
0.03452688506995536
0.04468148582506204
0.049817198063261556
0.04887320137009661
0.04207776741253881
0.030921437120001345
0.01765610048580095
0.005354550398123945
-0.00231199950827271
-0.0029497152497805954
0.0023028074553904264
0.009124544255034362
0.013177679740869046
0.012682656668612154
0.008051287989476043
0.0002774699860119996
-0.00938913115161244
-0.018976628486694475
-0.026387025843895597
-0.030642237075830834
-0.03192448424092673
-0.03053336816851636
-0.02659519169564401
-0.020795115830450055
-0.014560208993945745
-0.00928061893013167
-0.005922995426513791
-0.005392263025133421
-0.00828788037244771
-0.013862334885600663
-0.020110422516845885
-0.02571032484118411
-0.03141039933386629
-0.03874971332674167
-0.04777990141583588
-0.05687714691177377
-0.06455983757031376
-0.07050528237589183
-0.07470644475118221
-0.07664348426929687
-0.07576762091151927
-0.0720474859834848
-0.06539189442447786
-0.055115005221919186
-0.04086702111901858
-0.023913262628111352
-0.0065951699091059595
0.009697375179690796
0.02543172296905463
0.04161607277083737
0.058155251809441734
0.07381971823695722
0.0872278441052995
0.09724376138099262
0.10283437264503079
0.10346425554303214
0.0998074263283298
0.09351247921651709
0.08607051173219533
0.07829013871976714
0.07084795748532051
0.06454658924382299
0.05945828126205631
0.05418680357003771
0.04657641586990187
0.03521049036497049
0.020242330358294914
0.003410714331785599
-0.012174736985441827
-0.022835101520982098
-0.026215677313646133
-0.023016450379727577
-0.016534020259969206
-0.010203532975547346
-0.0056549328250068195
-0.002837532366239417
-0.0011085472813808777
0.00026655400870065024
0.0019867868041350436
0.004102321075326052
0.0054113718374227725
0.004041164604637277
-0.001014391909508673
-0.008996218092047592
-0.01802203327145657
-0.026471068574813142
-0.03379208598251384
-0.04033094973700422
-0.046735862688373625
-0.05356773836418913
-0.06119114872324451
-0.06964429652365661
-0.07844773041955731
-0.0867832854701707
-0.09421250437182299
-0.10113759634105858
-0.10805099839724425
-0.1141159440560169
-0.11697480333400558
-0.11455774308805694
-0.10703783376017183
-0.0965665161845214
-0.08509621475651667
-0.07295424951651064
-0.0596231626653645
-0.045200181559953624
-0.03048573491168512
-0.016019669107255427
-0.0018517434556471876
0.011664444512800408
0.023529149451258075
0.03278232621424995
0.03884987439219794
0.040668127482058315
0.036090913502382985
0.023381289159751628
0.0037295742075675797
-0.018314890070236612
-0.037604470591906324
-0.05174339570461777
-0.06172106268860904
-0.06954614548323265
-0.07561144443287125
-0.07835722918200727
-0.07613602677540562
-0.06898835333931064
-0.058424145750382774
-0.04573569634334578
-0.03110565595347505
-0.014642318558006899
0.00220684689024947
0.017020369360569443
0.028264683929659567
0.03627661085298577
0.04218512090341682
0.046277097786822735
0.047826410042809284
0.04646725483085504
0.04350599793232774
0.04170402873359167
0.04345949616175536
0.048921244209396655
0.05604370888103912
0.06270642155896193
0.06835324457951128
0.07309028520291588
0.07594372413005071
0.07540036885374107
0.07161540917671728
0.06662577864518693
0.062026559510948216
0.05781276380442441
0.053817255415132007
0.050175212151146134
0.04504375747350986
0.034026788294559164
0.014612311945983317
-0.009539494253818524
-0.031127587293657444
-0.045445118176413925
-0.05147465829177044
-0.0475570273190047
-0.03059086539205349
-0.0017655478477203491
0.03013821386887345
0.05471503530975796
0.06827871403725685
0.07404226494704874
0.07555118854893753
0.07330452234939362
0.06745517368483796
0.05997294577514919
0.05251282813225712
0.04445998009283167
0.03481715474962348
0.024490845337985907
0.01511821991162028
0.0069154309703583095
-0.0005298692234748446
-0.006258521666408701
-0.008815946417484267
-0.008931175561997866
-0.009352342751203236
-0.011507165551352899
-0.013756312790486789
-0.013644823650704437
-0.010748250629779839
-0.006454231751462228
-0.0018931982603561412
0.0027104754314732377
0.007078329860573421
0.010565982995306363
0.013002123328910082
0.014957291490365305
0.016851144114804515
0.018484652957457885
0.019924643479387577
0.022344331724070406
0.027375477206105652
0.03577772027425765
0.04707561321915563
0.06011771034501165
0.07335550977974138
0.08482378816070063
0.09279901922706556
0.09673459415123303
0.0967501536137636
0.09176196023129117
0.07907917666434565
0.057157927258386865
0.028778316789707038
0.00040416943083836196
-0.022272188531604124
-0.037928170603501385
-0.04879028694335073
-0.057089735073302075
-0.06301280185848078
-0.0656305040981575
-0.0647056669684046
-0.061182615812928526
-0.05644160998893388
-0.05151775678396141
-0.046772817346589286
-0.041864300513663494
-0.036038216067571745
-0.028763964256097733
-0.020210840765218223
-0.011053993767082791
-0.0018922542615004581
0.007004974060973487
0.015487331149740796
0.02331597674850801
0.03013276611404835
0.03533325021014659
0.03793825159779073
0.03703911714616865
0.03276993056494051
0.02670416426876632
0.020907909372409748
0.01651655616362623
0.013365099207521394
0.01085241960062655
0.008765710847701965
0.007202191769188459
0.006097933665539388
0.005107231817821106
0.0037246432658061476
0.0013242204643546026
-0.0025910530827196005
-0.007719048855378195
-0.012659317612034985
-0.015838737575175645
-0.01693649515138133
-0.017061160835136514
-0.017329957558969895
-0.01757542153277214
-0.016655469790004915
-0.013658010681123678
-0.00843892360937229
-0.0014325262064998692
0.00623447015568681
0.012452924327487219
0.014917369078736769
0.01284109487755699
0.007520808300080879
0.0007830527380840718
-0.006636264396513969
-0.014534507909463796
-0.021583958801805175
-0.02544441587189636
-0.024848905475749868
-0.020813270612335396
-0.015399891556949881
-0.009916847235665256
-0.004719450507452519
-2.1426536551447664e-06
0.004089508456755028
0.00781927069457136
0.011490114560425835
0.014709191060410493
0.01660951477839352
0.01679440052358013
0.015544245066466714
0.013154432732978382
0.009703340015289821
0.005566474745719863
0.001579733737060643
-0.001491501490916342
-0.0032231724811891353
-0.0032921073949582734
-0.0016474640573091483
0.00092488677293008
0.003212067724007272
0.005004688414869511
0.007434080143729475
0.011269671968233289
0.015494374371254883
0.018430206251676674
0.01989645158392682
0.021236662383228817
0.02327217393619354
0.02529362713664301
0.02640646279164343
0.026951199351350867
0.027879372450644323
0.029212897734710093
0.029883416407253154
0.028993159539130973
0.026667664746974698
0.023644160830924424
0.020481322158959307
0.017277296567872205
0.013747421970893773
0.009316088613559299
0.003396594547569427
-0.004052410495092469
-0.012256766521876464
-0.020151179626819872
-0.027201779754079752
-0.03346862059488253
-0.0387489991073196
-0.04196976307699533
-0.041872942678895304
-0.03839913723406488
-0.03313488146663477
-0.028229275763386366
-0.024954544106030326
-0.023267530302740626
-0.022357546044959705
-0.02133422023175446
-0.019703135861905544
-0.017684552069615764
-0.016027236778803536
-0.015067788732501834
-0.013964605213134605
-0.011385994455829482
-0.00716984845491799
-0.002850289380954074
-0.00020203620915152954
0.00038861922379138217
-0.0002302234457248176
-0.0012605346638621172
-0.002345896852099898
-0.0028758542236847016
-0.0018929135792014658
0.0008286128035203753
0.004114730692298733
0.006288441426333468
0.006500189670846791
0.004924904022423399
0.002154402404376633
-0.0009515759234577957
-0.003056064329647484
-0.002848346463783198
-0.00010760364859001649
0.004031379324074177
0.00795819917216971
0.010439411267910913
0.010741334899811173
0.008675387387228235
0.004932932219328849
0.000892848911143455
-0.0024394675877944813
-0.005138690788596201
-0.007748096913358162
-0.010353613843868686
-0.012743633469047486
-0.015161307350229043
-0.018212241162793626
-0.02205895515850267
-0.02628505405363735
-0.030592277341961557
-0.03508036622612714
-0.03973875674491987
-0.04421044674462556
-0.04825403195939493
-0.05194519071829839
-0.05518254119527501
-0.057455992766204105
-0.05835796475109372
-0.057823262833008066
-0.05552994736926195
-0.05063794989227929
-0.04273488996659243
-0.03271852533676434
-0.022176331719137122
-0.012187801812664437
-0.0033396972897041153
0.003469582562899734
0.007275047515486925
0.008218025469500177
0.007616675494358457
0.006546344975707546
0.00503295884545612
0.002973210945801687
0.0010439640164981454
-3.809888049146171e-06
-0.0004301972814046465
-0.0010671655089151291
-0.002035233110922172
-0.0026744416381504917
-0.002667317711736862
-0.00244692245819983
-0.002396125679174076
-0.0024069207596927266
-0.0025256389699056716
-0.00332849384809669
-0.00510920287583824
-0.007144442762083319
-0.008363859595145729
-0.008501262736039432
-0.00804461429846467
-0.007273831256209305
-0.006009641327250293
-0.004256193491052582
-0.0023575853820137988
-0.0003237303409998429
0.0023130969714171335
0.0055280403381492565
0.008194527515463951
0.009033980797270321
0.007932739574390522
0.0058192377266006075
0.003518495215568542
0.0014302924616567878
0.00021239337672431273
0.0008018262825899149
0.0033034823980310018
0.0065205271371295325
0.009214929205581118
0.011408912880085402
0.013735841552534375
0.01579142114335066
0.01604292521937194
0.013498070684760945
0.008701016420369214
0.0028355738170121776
-0.0033153254007838953
-0.008914923399763052
-0.01231391389008471
-0.011857474616657858
-0.007453738449821992
-0.0005937780825593571
0.007170720129840231
0.01492607728799182
0.02146227309631402
0.024800924420551547
0.02361865465429965
0.018750752236341713
0.01248318010854394
0.00651211776217999
0.0012227992150084222
-0.0033388885410501373
-0.006860268772015974
-0.009405753685933332
-0.011816404151866541
-0.014848349428459395
-0.018260084526988303
-0.0211268846882387
-0.022689644214354484
-0.022546526572334514
-0.020507724534929463
-0.016927633161577908
-0.012987199003560533
-0.010011558177132134
-0.00848774813624981
-0.008142336130909998
-0.00874441044431527
-0.010090843199164996
-0.01119513277453273
-0.010428992767094998
-0.007045690468064159
-0.0020710485848777368
0.0028816656350298176
0.0073425024686441884
0.01195604929736074
0.0170228859027462
0.021891258127372214
0.025903569959783195
0.02920879048980322
0.03221279824878531
0.034698311511794915
0.03602584316690645
0.03596249970307904
0.03474440195536601
0.03236528057609128
0.02838601776079573
0.02267972616152814
0.016004150572357514
0.009601455517961932
0.004530031163558225
0.0016053496924879076
0.001519152058279147
0.004321232822777047
0.008767679733635974
0.012784027237125338
0.0149457223689511
0.015385159784032048
0.015227750525295548
0.015483464205030911
0.016613696826498953
0.018715643186457707
0.021637395644303718
0.024968890454794543
0.028203279961777395
0.03090437641451529
0.03267141807530242
0.033258015162428316
0.03300661333766988
0.032830196450779045
0.033224834156117884
0.03339126932891169
0.03185064542138303
0.027930419308009075
0.02212929459165858
0.015020866143644415
0.006585407057102292
-0.0029073883779583373
-0.011940798591596396
-0.01849160807686647
-0.021751626433177827
-0.02266180154611365
-0.022729076312132928
-0.022740135906781346
-0.022746489303258247
-0.02289446883601523
-0.023862997314145117
-0.02643644127201818
-0.030758993082111455
-0.03608229407028709
-0.04129167720167178
-0.04563794488060515
-0.04878627361470077
-0.05015350623332547
-0.04862979537042766
-0.04342382282157567
-0.03510102663573541
-0.0253327930881911
-0.01555050330404499
-0.006267617507541638
0.002152675644664571
0.008669746231005663
0.012120334850821264
0.012439949253182616
0.010756646029552066
0.008181961990845714
0.004937484914085472
0.0007906214288131831
-0.004171027628889565
-0.009625786981560152
-0.015562296865704378
-0.022138956601142422
-0.028931408923720165
-0.03473085393876082
-0.03828027304747162
-0.03902635292546059
-0.03715848524494588
-0.03333872021415699
-0.02864156652457113
-0.024382082002796582
-0.021490690751225745
-0.020043867721190007
-0.01965136157963062
-0.020179949984572586
-0.021745524268315792
-0.024077750190731717
-0.02638068892950996
-0.027974052468936514
-0.028720338022787777
-0.028666882946939143
-0.027658187281574865
-0.025599236787890722
-0.022791188221552773
-0.01959969542102115
-0.015935091788502456
-0.011435008723927149
-0.006089029331631416
-0.0003276798318890544
0.005475426475019877
0.011214503403389937
0.016719298089685895
0.021591453377273365
0.02555301389742804
0.02869276011637403
0.031147608602025287
0.032688360052182425
0.03280706934586517
0.031165935445484974
0.027923752328952813
0.023757005509459066
0.019562637116262598
0.01587123965187063
0.01242873736857278
0.008602705107560567
0.004342176126896372
0.00041936468171559406
-0.0025435764068197394
-0.0049624341310305605
-0.007760389244133926
-0.011128331358369612
-0.014314088160083505
-0.01656563731908588
-0.017693941927034197
-0.0176137192597817
-0.0159971717590002
-0.01282124514050401
-0.00885832311914718
-0.005137475547327836
-0.0021098636018245832
0.0003017913138842765
0.0021206640826513883
0.003319654382476475
0.0042499227090675076
0.005411879877329777
0.006667503084781135
0.0071846997948772605
0.006380276046024515
0.004535628760984547
0.002309711645485944
0.00012258791272855166
-0.0016221920565067888
-0.0021301331849407712
-0.0006304666570906594
0.0028727428853541253
0.007692727291762781
0.013262376801517598
0.019447476394587115
0.02609330001526666
0.03275615701989678
0.03905204159347342
0.04485189524052159
0.04983457047728657
0.05315579425040069
0.0539786097995599
0.05226780262233933
0.04877175757065178
0.044286143755378676
0.03925180379913483
0.03404556809063143
0.029188606071639936
0.02492200950854083
0.020747811297198236
0.015750656185195496
0.009456610664047186
0.0022625632180020435
-0.004891454851287664
-0.010996910256689097
-0.015142908777578717
-0.016706421509280107
-0.01584988796594196
-0.013748134825788124
-0.011881191372590746
-0.010907635307378828
-0.01038429849028857
-0.009612749858770402
-0.00848224818612147
-0.007381915840359018
-0.006649463089042265
-0.00643209307870376
-0.006836426188196602
-0.007714517686245682
-0.00827705758259834
-0.007365101812074597
-0.004367810221025544
0.0002666140218679021
0.005490453701352614
0.010362411763663693
0.01416367164971462
0.016171991882205184
0.015816563543116585
0.013171684092216565
0.009109478906849523
0.004877984678112253
0.0015502428728352735
-0.00029085887679779047
-0.0006775680325400703
-0.0001812941971002804
0.0005626814964960253
0.0015306884386132673
0.003446856295318846
0.0070185599841779325
0.012012111328922201
0.01725164331669047
0.021571073449918772
0.024613243285052634
0.026652230428215306
0.02788295866118506
0.028148949366630715
0.027287764367256603
0.025417632405316158
0.02271564572574593
0.019043795257967042
0.013984237652659449
0.007303746370839058
-0.0006129721507272148
-0.008763241913965162
-0.015992913369529443
-0.021611769728721027
-0.025700171557685406
-0.028892463269980895
-0.03189802706523943
-0.035155743114239676
-0.03865074059170989
-0.04173520720231135
-0.043165612867230634
-0.041707512185120164
-0.036961078983523875
-0.029516990927139795
-0.020288390058712098
-0.009950850375416716
0.0008865286373890849
0.011399150163199636
0.020858557449914408
0.029037530884951108
0.03589370274785471
0.040954713509240265
0.043456330800823076
0.0430899975116474
0.04020414335029489
0.0352460648248514
0.028490509441223916
0.020479923926304152
0.012242387206921338
0.004703879279632542
-0.0018499150899727915
-0.007450272279788607
-0.011892763688241593
-0.014878492573762583
-0.01646419949139411
-0.016919511294036762
-0.01624662652909568
-0.014290549272093176
-0.011315248344052817
-0.008040486510292372
-0.00501156897317273
-0.0022664619101337782
0.0002962555982901165
0.0025874729062811065
0.004522526735752939
0.0061837760073017835
0.007489387859017213
0.00792212980434842
0.006945237465779061
0.004688090559272226
0.002027655026540519
-3.602829012764009e-05
-0.0010454089155234958
-0.0012500603649430236
-0.0012384076125646437
-0.001361185635690746
-0.0014849727791576778
-0.001408431510145927
-0.0014359782692687127
-0.002152538338295638
-0.0034630405286575133
-0.004268777009257318
-0.0035142260719805258
-0.0013002672133942631
0.0015348559024991664
0.004743909825387517
0.008873284698242969
0.014029372664019641
0.019148486561262116
0.022943691847799888
0.02513395637523136
0.026204764152257972
0.026223907001295045
0.024534850237876507
0.020691303192336592
0.01525408917669763
0.009473446483639623
0.004382330393189949
0.00027714895803609356
-0.0031082840275487612
-0.006056048720160923
-0.008471893946933795
-0.010037687522358724
-0.010686277950559642
-0.010654561179922313
-0.009976637655770077
-0.008373791585872042
-0.006068731434230204
-0.0043225963177203845
-0.004418435622234502
-0.006157453549656346
-0.008091665576999722
-0.009334009070859453
-0.01032981625487814
-0.011555567778101936
-0.012398747917115165
-0.012093659857434925
-0.011095973763111394
-0.01048158956721438
-0.010237685240153909
-0.00921745324042357
-0.006872931446893158
-0.004057678514174968
-0.0017703876151158877
5.284507769426484e-05
0.0019228035665826398
0.003622623722981253
0.004439236363529872
0.004315888687370635
0.004036133861879139
0.004191936930327508
0.004452317283761826
0.003971148646769955
0.002165080338534205
-0.001041307240558532
-0.005421232476106513
-0.010611143603132653
-0.01612651924751989
-0.021404255403731733
-0.025959528196413846
-0.029573124066582874
-0.03229765986419922
-0.03413820043195399
-0.034683402631302124
-0.03324787481435057
-0.029555056118283
-0.02416704667608049
-0.01805862811755074
-0.011863060584335915
-0.005749798528549908
3.621115708368273e-05
0.004824064570051537
0.007807694791072041
0.00854838118598881
0.007183296752235717
0.004335750103579994
0.0008664134241770195
-0.0025218462565422704
-0.005612896297124166
-0.00852722833157695
-0.011151711145142
-0.012857060001334233
-0.012942402966524342
-0.011269984117828964
-0.008282828200886013
-0.00448047343481749
-0.00016459130309112526
0.004249022434024147
0.00803597199720735
0.010671476856926506
0.012480124923527772
0.014373327302670944
0.01672234971880679
0.018728689368101854
0.01922764898269355
0.018045168780714757
0.01625925555943026
0.015127195633197333
0.015095332069369877
0.015935754579118704
0.01736919622222802
0.01908416224622395
0.020322506165299598
0.02000778136092718
0.017497428931828988
0.012993155711098422
0.007123135860959587
0.0003691433691763849
-0.006940043031226201
-0.014282198371974872
-0.020849706450675087
-0.025815190791085747
-0.028657108920210627
-0.029369850899266577
-0.028477573341704473
-0.02673254715334972
-0.02467158838460021
-0.022540243915055668
-0.020660324525024986
-0.019531317561859576
-0.01922974063645945
-0.018900445158199945
-0.017346417522084625
-0.014213530866460416
-0.01020623499250422
-0.006011728074485291
-0.0014723497213437453
0.003850401945078689
0.009710121898289535
0.015361524527030374
0.020555666136703288
0.025673552911469603
0.03070430955975758
0.0346458519363896
0.03627046866396214
0.03511463923323533
0.03137742108976684
0.0253041093227017
0.017369256212195986
0.008947593836799175
0.00198637106609014
-0.0024118981692887423
-0.004779695726153987
-0.006445294555768596
-0.008231467355868568
-0.010199520822865578
-0.012196451834715913
-0.014016329684000765
-0.015067066433849316
-0.014438847097677466
-0.011575710554053641
-0.006731046216742757
-0.0007500706072345766
0.005319081739282606
0.010341930007520237
0.01322575695307399
0.013339432722289346
0.01086679528385
0.006678354931116845
0.0019038293085051124
-0.002398940281505386
-0.005448942291231767
-0.006919639353044624
-0.006931105266783026
-0.00576547201512681
-0.003633831530138185
-0.0007865151793644786
0.002286705310386052
0.004940663102001101
0.006597473086410509
0.006763808780450453
0.004999249835365234
0.0012228125105320344
-0.003855804022351116
-0.008841856746254637
-0.01237314346943968
-0.01372677357879857
-0.012810222382081132
-0.009881374762535106
-0.005509406404068428
-0.0006583337855901104
0.003541373661811778
0.006312059330890154
0.007562192620261944
0.0077393245198064025
0.007388971730390467
0.006801361974356303
0.005961869682800399
0.004734058447726618
0.003030196857608853
0.0008320380449697727
-0.0018022834271932563
-0.004607997837878426
-0.00706731023225599
-0.008715782363385991
-0.009539638289082684
-0.009892194377658054
-0.00997453675248051
-0.009623091717750647
-0.008715857171428086
-0.0075481019496788085
-0.006628784526347336
-0.006324479170231679
-0.006881216659125597
-0.008439935277524386
-0.010590480452302134
-0.012155089872132423
-0.012048556538762719
-0.010390038908160024
-0.008217394698714554
-0.00605941969042654
-0.003513293713507695
-0.0005277371378151124
0.0017187768061590971
0.0020145336360633853
0.0007631349269562087
-0.0004488411432284601
-0.0007926544221307062
-0.0008154551372240865
-0.0010605335051756804
-0.0010650395920474873
-0.00023860101557338355
0.0010083330477112966
0.0017718343951290108
0.0018908798926335396
0.001889730401318091
0.0018152106272117403
0.0008949205568849622
-0.0014852662398090113
-0.005018189904237691
-0.008927935683152267
-0.012750320628768921
-0.016327747612477
-0.019276299369090547
-0.02080777550487467
-0.020084730577971905
-0.01668986964012391
-0.010910386589369919
-0.003686675556478508
0.003864766688492288
0.0110241811341871
0.01752151512886431
0.023087624093876012
0.027287676846043437
0.029937468331198286
0.03131888593372408
0.03165631098227272
0.030683243019678282
0.028248252982534916
0.025251431124360447
0.023350834249711294
0.023454820906259898
0.02482371749975501
0.025909950121602337
0.025843589191756736
0.024847172501642527
0.023445723053790845
0.021716569971872178
0.019388312135842824
0.01640952500021479
0.01323098611869644
0.010530156204948
0.008679102375803424
0.007489158403824829
0.006510114708093637
0.0055253276044661
0.004598572953346712
0.003675471841661436
0.002488939532336438
0.0010573356579170942
-5.9554297396752006e-05
-0.0004292925451719514
-0.0005133809705283136
-0.0012315044328037755
-0.0026843322148250234
-0.0038067380736703195
-0.003545619437789494
-0.0019922285147477166
-3.7766835461994225e-06
0.0019577659372246184
0.0040935608555975585
0.006523886410975179
0.00887974112063498
0.010790156543191013
0.012316152297620845
0.013603839614833114
0.014430188202224307
0.014512058046333204
0.014162757181429286
0.0142200899220565
0.015179575432988729
0.01660164657449316
0.017492269410105548
0.017121706638446258
0.015369982048251983
0.01246648695487892
0.008677086832802513
0.004282727950499428
-0.0003235942374232739
-0.004626352394652413
-0.00800153672610588
-0.009734935984372228
-0.009252195055945763
-0.006577247902722596
-0.0025468861944596185
0.0016245747142665916
0.005066127708620743
0.007477449443156862
0.008738989726130748
0.008611080463898076
0.00699150557643389
0.004270957024330209
0.0011525949208100743
-0.0018739420147240076
-0.004708761165437341
-0.007327311220791505
-0.009512503280397832
-0.010976492193189314
-0.011605967078855185
-0.011490555635555394
-0.010776538544230566
-0.009541051044333743
-0.007747565618520543
-0.005308134116621202
-0.002282637815680628
0.0009483527796722192
0.003795259434001092
0.005780190372804891
0.006681937619253092
0.006401485278488109
0.004894302006520616
0.002360988777772247
-0.0006101559419794441
-0.0032279413716716095
-0.004818902569662514
-0.005023089251464509
-0.003941510622690789
-0.0022576087119659275
-0.0009842551394790356
-0.000757762822764212
-0.0013963818931267992
-0.002368673464461445
-0.003624045225513753
-0.005654948396847585
-0.008721908223276727
-0.01235063728433712
-0.01574933656034514
-0.018499459800518443
-0.020698981234469956
-0.022654206059172056
-0.024615561554558584
-0.02661142639697034
-0.028295602909887405
-0.029076768746668345
-0.028616608976498092
-0.027116196719131982
-0.02497009717953357
-0.022357253495157308
-0.019458178542748675
-0.016856158066363692
-0.015231114906848251
-0.014637039477012087
-0.014509978390078225
-0.014472625021640578
-0.014691506282751652
-0.015261305083360854
-0.015692338769025177
-0.015367557834701541
-0.01420217039973236
-0.012488038323974803
-0.010390712817811218
-0.008121745551444865
-0.006460680438995751
-0.00647370687264998
-0.00850875858666426
-0.011786455969237775
-0.015070220548060067
-0.017406464388260403
-0.01815064600073361
-0.016794457092031888
-0.013227346004501003
-0.008054403260738007
-0.0023787499439092232
0.0026983478148147437
0.00630404234184952
0.007828512310813173
0.007088230816243145
0.004396298293590134
0.000233293217584917
-0.005065467499337544
-0.011025295128366263
-0.016522314527915322
-0.02000403733059708
-0.020502639197562348
-0.018351598607339273
-0.014786892314167775
-0.01091212841823422
-0.007106994145887319
-0.003280406940023929
0.0005611366399861684
0.004111553886965727
0.007024367663640808
0.009169411660112198
0.010525967145006617
0.010955208254726146
0.010332076133747594
0.008940792611335242
0.007481316500792774
0.006500634136509519
0.005981418572770603
0.005701914382181711
0.005856803819501778
0.00701274582196995
0.00944258134786409
0.012738327629882943
0.016105921327316572
0.018836578147921567
0.02049737767816941
0.020975096878214125
0.020519263058998143
0.019587744960711743
0.01848157039365336
0.017175379246191863
0.015542184237368946
0.01363306455533573
0.01171171824709282
0.0101589738266343
0.009339630625464336
0.009310157392930682
0.00956725573181649
0.009362520513733522
0.008462060025984116
0.007368097965580124
0.00655633788178368
0.00572120303775395
0.004112474935822612
0.0014797474676909721
-0.0016936133651025563
-0.004819817960366462
-0.007624045490272277
-0.009883335633257924
-0.011245548199080241
-0.011623683542874217
-0.011490652190554122
-0.011427926455708209
-0.011472753933438645
-0.011149114392869284
-0.010042653711409139
-0.008108528884454992
-0.005524872085277584
-0.0025767475073143163
0.00029169715917622824
0.0026175505879468316
0.004244443814943751
0.005322177420451118
0.0059125821659135845
0.005854891276584673
0.0051933274209535855
0.0044739073350493356
0.004265465940327713
0.004459842519037936
0.004391855041666179
0.0036873346323390635
0.002635542368688694
0.0015237435958662365
-0.0001093605975338865
-0.003156408445889112
-0.007829317977086138
-0.013070217489522607
-0.017172374769228643
-0.018962955107875667
-0.018464828221084306
-0.016611874015069052
-0.014411424293255377
-0.012278531489309625
-0.010062501238351932
-0.007683347693556928
-0.005673383397527987
-0.004939633591970132
-0.0058986882459996105
-0.007918049212995094
-0.009732267568780827
-0.010421049315787035
-0.009926702037164269
-0.008699581488833893
-0.007135340730701835
-0.005621553989053014
-0.0049823056009063015
-0.006290802414150297
-0.009775756306465832
-0.014091396073690064
-0.017235168205061293
-0.018366622105793925
-0.01836482002917931
-0.01844867492518188
-0.01872715002731526
-0.018479923140216372
-0.017406038663013535
-0.01590853940699685
-0.014298346182850741
-0.012462788117757346
-0.010477394517693674
-0.008960309461461194
-0.008549518400686901
-0.009418031814879676
-0.011426648679129046
-0.014206639762490975
-0.01684841276859214
-0.018170414245714805
-0.017884792759634022
-0.017112742171145768
-0.017160672329327255
-0.018044616647197455
-0.018751535973866217
-0.018636887815266057
-0.01784754376916542
-0.01653356362758416
-0.014483867155343954
-0.011675979025159922
-0.00849937204076796
-0.005223989330808012
-0.0018465857544781399
0.0013292122825907652
0.003647519824473005
0.0050695497306097945
0.006634270572573144
0.009368964798073944
0.01305078844197347
0.016561462468891203
0.01920255137714156
0.02108852159208905
0.02239582023390122
0.022891704475297432
0.022362011480251926
0.021046162339244643
0.019398989473011764
0.017682229426621083
0.016014682091153247
0.014662865973842342
0.014026684164696443
0.014297151564583492
0.015229442383251515
0.016335068445487468
0.017321715144761947
0.018329339619844228
0.019750434284749884
0.021903693559373057
0.02484715154338906
0.028184899757800592
0.030806909098316744
0.031178735173253518
0.028563417690637048
0.024048150021557677
0.01980988312285314
0.017119900017159958
0.01542706438257271
0.013431377855912292
0.010390461480616555
0.0061571564160310625
0.0008641020534639488
-0.004648129628941646
-0.008732025157317027
-0.010282433342744332
-0.009939533012520783
-0.00906684468869222
-0.007793671128844541
-0.005133330002929022
-0.0009360595621917245
0.003568561738673776
0.007467840569291613
0.01112229435174666
0.014749550967468692
0.01719903387656075
0.017246418156817732
0.015415078971191671
0.013329875343266509
0.011652540806274841
0.00989822585095735
0.008202287781518205
0.007910603150611728
0.009901089838859433
0.013238740471415796
0.01618272662993707
0.017998482508689326
0.019156863576543656
0.02013429427063657
0.02074678707913026
0.020641854839595287
0.019895146313475564
0.01895263462735121
0.018265297240735067
0.018084461151681178
0.018381817588387434
0.01882315169564042
0.018954225595718945
0.018539110908897587
0.017626153707371375
0.016177652849319147
0.013778514537441026
0.009984905931891892
0.004993222577048776
-0.00032215309281272657
-0.005206740858168275
-0.009576527023205123
-0.013432136385316481
-0.016000578104865337
-0.016174374957029836
-0.013987884612546884
-0.011034559569384789
-0.008972270386115979
-0.008040324637822505
-0.007529968395553359
-0.007228379497903689
-0.007560793098453989
-0.008492456373371265
-0.009290684557555617
-0.009625880781316343
-0.010062727402912483
-0.010965294424778766
-0.011585098157048905
-0.010929294663754651
-0.009147504589352696
-0.007344392451002414
-0.006182495095020662
-0.005325141878535725
-0.0042432156815139874
-0.0029868717791309935
-0.002036871661080774
-0.0017894467484209627
-0.002238535029865694
-0.0028237083808419104
-0.002682547477485998
-0.0015669272079724588
-0.00046979618960368803
-0.000687259233328498
-0.002165912007073885
-0.00354501230720719
-0.004099101891823163
-0.004708948653819588
-0.006234793722039172
-0.007792559509788709
-0.007799390675035693
-0.0062871050870384766
-0.004819326045774304
-0.004072789602658993
-0.002830709337628189
0.00016142231271150221
0.004457409602309352
0.008693201349756078
0.01213086677488077
0.014546692161233535
0.01541658360769536
0.014387396866230324
0.012130264120824527
0.009616120839368554
0.006836908227391496
0.003358963992625751
-0.00015664851369619548
-0.002418534519103272
-0.003549791911393116
-0.005178446955805758
-0.008107302535329717
-0.011390777629853828
-0.014373382401855744
-0.017967308257282332
-0.022560903166064915
-0.025976828549548806
-0.025318235254313978
-0.020168852625980404
-0.012306137468254204
-0.0029888957285258634
0.007208149064315824
0.016010590595244758
0.019574657919786412
0.016110768566456424
0.007613523249800858
-0.0029937334626014053
-0.01449880456044523
-0.025683667819438424
-0.033008744383186676
-0.03293611013789387
-0.02623646279100705
-0.017553121151088258
-0.010370694093234574
-0.004359446585190359
0.0019225596714459272
0.007910806687035222
0.01193003598635942
0.01370008116642848
0.014319748973049943
0.014468557438355265
0.013993795124171187
0.012845038511793612
0.011170246858200518
0.008744919511193714
0.005513707374533026
0.0026275548709931065
0.001761468781481723
0.0032171574530070386
0.005681269818534203
0.008030572796038617
0.01029602958520427
0.012480538679011173
0.01364404699953442
0.013082323498850988
0.011583228829637107
0.010384448781573772
0.0093424546816366
0.0073511201584449785
0.00446775795424191
0.0023381980813298128
0.0021089832642553078
0.0029398933880313474
0.003276463645672767
0.0028701709888975346
0.0026873475906263205
0.003271670603397525
0.0041808081728670465
0.004926005811040945
0.005448126762020665
0.005408117580652874
0.003944745691426534
0.0008157284043220746
-0.0027762044792328435
-0.005306358809395261
-0.006705230922961656
-0.0083266237645703
-0.011184490630124245
-0.01490421957800772
-0.018522360052300322
-0.021556836266906444
-0.023813691854966828
-0.02469704172513315
-0.023481119574121932
-0.020246541686246455
-0.01607088091558083
-0.012234178831960589
-0.009497112585924346
-0.008021106257269312
-0.007504326122797509
-0.0072846791519294105
-0.006690785066789657
-0.0055133411971500365
-0.00398772785811222
-0.0023284255158885713
-0.0005890336888513629
0.0010138641520416125
0.002105955491757726
0.002691073005307335
0.0032592967932102714
0.004038797833459739
0.004515308659224974
0.004144474732953338
0.0032800901241543863
0.0028729224558924245
0.003365390420889597
0.004385270382512536
0.0054747926014725905
0.006596493629161132
0.007899914902917306
0.009531985802891494
0.011755040679276699
0.01462405090065253
0.017294678852224514
0.018292576234705142
0.01699647972830653
0.01448630902704803
0.012460540145033519
0.011646346385479883
0.011708019681243945
0.012210167004882304
0.012828041298678644
0.01279911333024407
0.011157870385358997
0.007821293126526706
0.0038292561797124577
0.0002508776085373477
-0.0026039921593945313
-0.004662295364783455
-0.0054625370272634415
-0.004605081282941822
-0.002452283382199603
0.00012306776181473112
0.00245523158538802
0.0041965123604337665
0.005081341753341865
0.005126381151150739
0.004864618108811606
0.004843190077704747
0.004969043891209918
0.004764515410059229
0.0040892936169530875
0.003115621975757597
0.0018074803566331694
0.00011334909611011669
-0.0014014976496889294
-0.0019356941958404497
-0.00164702675624568
-0.0016885643849275883
-0.0026536331164993395
-0.0036314089068561306
-0.0033331074623431543
-0.0016380351630763638
0.0005914574564022317
0.0028083761492054974
0.005095075387679607
0.007284419373650162
0.00854346575089668
0.008117460428557148
0.006132665358051756
0.003455676215210227
0.0009019127004703231
-0.0014016811109305218
-0.004021718890795504
-0.007546691482626152
-0.011820533194210552
-0.016061855829283368
-0.019877411182955988
-0.023669047944850367
-0.027515178993064347
-0.030084081275141613
-0.029613908030048684
-0.026053828591784123
-0.021390693510333608
-0.017548496246850044
-0.014714699417253797
-0.012198524845134227
-0.010142069548905732
-0.009400199136565595
-0.009949398434517956
-0.010381694360718894
-0.009273061038200575
-0.006529973879803998
-0.003096416251592388
0.00025098656853414
0.003358663210283725
0.00609866894221009
0.007873675699267535
0.008101238665076017
0.007080508467660373
0.005931393396427732
0.00542410590146975
0.005178308386126126
0.004466363893600211
0.0036166306855829377
0.003910814039584451
0.005892210222503312
0.008414079351618345
0.00982393066354288
0.009662425652936738
0.008711660907306138
0.007788606878931973
0.00718061514067577
0.007053316486564254
0.007622987229112408
0.008816149216443024
0.010322651120831418
0.012062860371479824
0.014042633114468399
0.01566335295599938
0.01586506483236888
0.014303634905920098
0.011868594627317484
0.009632585064045148
0.007700568691149086
0.005509120520063673
0.0028623681045157087
0.00011658231688298317
-0.00244810807410108
-0.004888831274052306
-0.007282471006054622
-0.009580109187210608
-0.01175664947605356
-0.013710241932636551
-0.014983267532257536
-0.014936426396885394
-0.013318143172415217
-0.010489604266793006
-0.007103670785954949
-0.003747966441394054
-0.0008160827119964803
0.0015326762879582824
0.003242675732655791
0.0039951751395063346
0.003176295146670683
0.000603417753385946
-0.002858745375065601
-0.005921339458578562
-0.008095381454967175
-0.009774025597673191
-0.011121090969524253
-0.011638551874774111
-0.011127243633705182
-0.0103121834567547
-0.009869715088257165
-0.009335770592431585
-0.007758545576280768
-0.005205055405835101
-0.002855616629452339
-0.0016472446180905342
-0.0015342130032078834
-0.002145322138299671
-0.003403063520501498
-0.0051555317435456076
-0.006780549903738557
-0.007630824343017742
-0.007570148046706258
-0.006750175788571503
-0.005187957652186472
-0.0029185495121274237
-0.00026769669766141393
0.0024147701625414366
0.005036423280357165
0.007375770137606309
0.008698160255990154
0.008346148611685218
0.006681435510205148
0.00496868171811096
0.004314069453612165
0.005092464222564437
0.00726729750144695
0.010597606496774976
0.014388055540101198
0.01769004262898404
0.020145615303017454
0.02221527982933271
0.024228651267730033
0.025652714898561368
0.025781547761942237
0.024805208989062345
0.02359081515098893
0.02254843058190322
0.021300653186278284
0.019459555325796022
0.017148658854862046
0.014607505054804373
0.011793659526502421
0.008711842214312851
0.005862284005438045
0.004020776224532636
0.0035650920251052657
0.00402253780831806
0.004130860798553997
0.0024517191326874042
-0.0015970707952890717
-0.0070655142662667215
-0.012121695582422284
-0.015672043415220185
-0.01816213505557044
-0.02057341896347745
-0.022941518853553975
-0.024293440692333596
-0.02389362793045981
-0.022036938242507458
-0.019536525552874925
-0.01686488734077607
-0.01402530058792875
-0.010975715339643833
-0.007887203299974738
-0.005114084766633539
-0.0031490038133950944
-0.002524461647605211
-0.003483434013567074
-0.005665344971564756
-0.008246441159541089
-0.010462596269019304
-0.011955694768159811
-0.012664073323015107
-0.012595317349769871
-0.011862976488738634
-0.010828311950057967
-0.009939938512501951
-0.009327314397644287
-0.008680385451223854
-0.007651290330326877
-0.006305554807759792
-0.0050626515957581004
-0.004236660986817093
-0.0037405897246400284
-0.003195824829832738
-0.002231545104394199
-0.0007724925457708381
0.000790960359937067
0.0018090235990176641
0.0020154422772955733
0.0019257432173503696
0.0022507936761907927
0.0028853268388328353
0.0029411420055052316
0.0020122389460313565
0.0009445535071919055
0.000903229162097219
0.0020065438466891766
0.003447698943299998
0.004744355709844829
0.006126527714848623
0.007646230958447835
0.008690106148371566
0.008766829050749983
0.00823278599127468
0.0077714306816128705
0.007565704301906167
0.0074986264047574025
0.007816202357195287
0.0089000213711188
0.01047356621818662
0.011697456976505382
0.012165107563362303
0.012279263762792139
0.01250911100670419
0.012825818825284035
0.013136962638889438
0.0137140836144156
0.014654505682233856
0.015256735153227643
0.014582113657896077
0.012599323126778464
0.010223633455230485
0.008139155428085276
0.006094361832739155
0.0035879036268578485
0.0007942877890775542
-0.0015937530898687273
-0.003156939547920271
-0.003917818641902066
-0.0038744943984634424
-0.0029241385584068513
-0.0013357597427419716
0.00020773934071358305
0.001324110901723461
0.002343003693520671
0.003670860824245097
0.0050108904663443594
0.005612033143644626
0.005112601639336962
0.003693933941105362
0.0015422017176666353
-0.0012333420209147945
-0.004083456808185227
-0.006101063472751142
-0.00700445115653014
-0.0075554778434138705
-0.00852300422521393
-0.009610166669635153
-0.009990886373412786
-0.009632604658009265
-0.00934528457728401
-0.009548525097758817
-0.009762838440070429
-0.009560109745546816
-0.00932854698932487
-0.00960424100439284
-0.01008887778058501
-0.009903184198267244
-0.008625501760208982
-0.006603442224191306
-0.004353751635029384
-0.0021364930356126827
-0.0001521938457216674
0.0012572993827860207
0.001799517891275528
0.0014754136594069334
0.0005908429628479937
-0.0003706344391093173
-0.0009948319103800817
-0.001297571185734793
-0.0017762419740642843
-0.002839076764885243
-0.004256827626769728
-0.005528402038481396
-0.006739080585041641
-0.00852474073896259
-0.01096559338194305
-0.013002153025411706
-0.013444606628853452
-0.012380201329038212
-0.011107591481519127
-0.010672095879760321
-0.010846335155091888
-0.010643809472989632
-0.009492343637307521
-0.007671056411489315
-0.005783798747851755
-0.004084225038932293
-0.0023391037370124584
-0.00022042059327486644
0.0022330466561210722
0.004572048752262104
0.006426936214795892
0.008019197068747142
0.009965239108695073
0.012412497279895884
0.014563673340639191
0.015389834755436255
0.014793021915629674
0.013703779177301508
0.012925985813567107
0.012277676966289465
0.011159042853019528
0.009611059214482943
0.008286404971319166
0.00750106530221006
0.006914175582528843
0.006262214762565641
0.005870489228954242
0.006150499624299543
0.007008939267514443
0.008110480730621423
0.009383746152047123
0.010839023095664051
0.012133283969017264
0.012794098478910719
0.01275337790468778
0.01223767934434141
0.011263231948107586
0.009730872558810045
0.007960474064579061
0.006588448102366375
0.0058552988434958765
0.005452891068551266
0.005156158360912736
0.005149086905781567
0.005652581046199669
0.006739741739561588
0.008592769554334946
0.011260281286519354
0.01389151017544019
0.014967197026275676
0.013875109635167738
0.01170141209417278
0.009818101877107214
0.00822282439204222
0.00612728183303676
0.0037519548372152516
0.0023285739836438903
0.0022373486565234447
0.00227137162846568
0.0012433417904684383
-0.0004942815596279716
-0.0017395302182935436
-0.0020414098735972216
-0.0019273595037079423
-0.001957040952136323
-0.002318323481490863
-0.003196362349816339
-0.004773232477781913
-0.006709815127962023
-0.008165696052301942
-0.008607783209727805
-0.00834101081689921
-0.008079644141483095
-0.008182144260302839
-0.008392142681962561
-0.0081357125128276
-0.006986085831798368
-0.0050149215765427045
-0.002795636720830917
-0.0009601941107824851
0.00028483742833288877
0.0011132857393672283
0.0016307020280914703
0.0017257622885962151
0.0014037274374588406
0.0009951148164426835
0.0008823400367477455
0.0011769919313514984
0.001739045550560846
0.002283512621280363
0.002361955738632276
0.0015666561484057625
5.4674419403488276e-05
-0.0013483841086246733
-0.0019367553365957878
-0.0019201316994605835
-0.002100989083896373
-0.0028785343065187595
-0.004011105998923455
-0.005299493235182571
-0.006871189294656351
-0.00854726324691856
-0.009513065348484532
-0.009147708479990784
-0.007882184721016147
-0.0067111927610122675
-0.006030405499325973
-0.005492199683240117
-0.004906021011889075
-0.004625523688749299
-0.004887438253106135
-0.005331279282450708
-0.005509509001017993
-0.005498089994216133
-0.005648711097669581
-0.006003608000627667
-0.006309897349116033
-0.0064221204962365205
-0.006334313686331465
-0.0059391656291974135
-0.005124565210223386
-0.004083026325577143
-0.0032014313533775328
-0.0026059949626589004
-0.0020831780911813678
-0.001521982094872436
-0.0011989184383839363
-0.0014692071721930315
-0.0022721425868520257
-0.0030770466424299117
-0.0033583146683138733
-0.0031183382171804993
-0.002880948851441684
-0.003088567219261965
-0.003604514169770344
-0.0040380964295039555
-0.004473226020350169
-0.005409376018884736
-0.006840557647956026
-0.0079469253572072
-0.008131183507481708
-0.007896709705319135
-0.008071805248654628
-0.008531081434569673
-0.008540516127805653
-0.00820560231125728
-0.008507628028791478
-0.00968227129860177
-0.010635340826779789
-0.010559035003996867
-0.01018639810698943
-0.010529293878944175
-0.011097964818898388
-0.010602942767182488
-0.009099554306014555
-0.008060222998475895
-0.008179773255368627
-0.008457333263708237
-0.008042239776026161
-0.00778240701591705
-0.008849730662985219
-0.010597515242462923
-0.011169444950152024
-0.010066172344343679
-0.00875820044409275
-0.008441958499370898
-0.008378970875238125
-0.007205906029700847
-0.005029606612486103
-0.003180905815603492
-0.0023056694338410718
-0.0018140951244352836
-0.0011959530713170495
-0.0007686584988180183
-0.0007150498086998863
-0.0002982731554586025
0.001198676457749514
0.003253939106087288
0.004634032470255272
0.004941373231142493
0.004917858363628327
0.005274549741529655
0.005942866491171792
0.006595387044732051
0.0072046873071769475
0.0077439926343323305
0.007861072888011994
0.00729476422391284
0.006301984597457307
0.00530416359186912
0.004389906933605837
0.003523826121303897
0.0029418898061375565
0.002861263870202251
0.002996449586897312
0.002901062421774251
0.0027214429736132236
0.003044694734725985
0.0038949863635657513
0.004395574233213723
0.003707075706591541
0.0019737951598309193
5.3789538835077986e-05
-0.0014549023477689734
-0.0026017058019475727
-0.0036199546656561082
-0.004429386840561528
-0.004730613305565554
-0.004461841094340391
-0.003978396192659307
-0.0036672079191804063
-0.0034354493590687206
-0.002818112996852847
-0.0017250559079404655
-0.0008144311325889221
-0.0007653000596791345
-0.0013168911461640819
-0.0015243584312248759
-0.0010281441930454634
-0.0005491513468505645
-0.0008690125086559918
-0.0017931331929209337
-0.0025813365286646577
-0.003091752184977168
-0.0039044413380651976
-0.005353679625241356
-0.006965276558495508
-0.007994310797006025
-0.00815905803936491
-0.007690185499941236
-0.006959149022825882
-0.006259589387671773
-0.005735043855769129
-0.005299422804350645
-0.004739227876148842
-0.00403754956019041
-0.0034732370416190777
-0.0032609640534812627
-0.003230646342068811
-0.0030553322163612653
-0.0027242859208707134
-0.0026002773530903736
-0.0030051356421910073
-0.0038457025489436634
-0.004594777514207067
-0.004543896458788617
-0.003215948575891837
-0.0007942787924320847
0.0018505263628477951
0.0038188001008259915
0.004984072638076653
0.005981109278650291
0.00732607641624167
0.008790573101720172
0.009841712538225638
0.010459405562491194
0.011111130813040512
0.011933869919959999
0.012379883884510706
0.011922585660016702
0.010874413300020223
0.010203015969066809
0.010593765290926656
0.011880129821808805
0.013307326888247463
0.014126046415360692
0.013979521855158973
0.01299834925524288
0.011626191971258366
0.010228714226828308
0.008849491065902647
0.007453767932544744
0.0063116538286719795
0.00586428764530868
0.0062089029730919105
0.007009661501028668
0.00794671800141235
0.008881273017015206
0.009461946498235202
0.009048616163676238
0.007420845184472634
0.00527089586636938
0.003552599984912448
0.0024959033720371696
0.001655666085501018
0.0007530621115026862
-4.4937908200431317e-05
-0.0006244860162547852
-0.0011484515938631006
-0.0016850584413052446
-0.002102537951173055
-0.0024952030525774273
-0.0032451422073063157
-0.004398452689338171
-0.005367619742964202
-0.005556468696221299
-0.004979834740817489
-0.004015666684997058
-0.0029223332148428727
-0.001962928030182518
-0.0016268133981596693
-0.0021670552146936545
-0.003082462373151934
-0.003601589687746819
-0.003635827681388825
-0.0037513433882300808
-0.0041970175605045784
-0.004509610158114101
-0.004227202438587768
-0.003476329433227257
-0.0025740069139906017
-0.0015176466424480744
-0.00033921541652505037
0.000322818174802082
-0.0003794082326773634
-0.0024530480615274097
-0.0048347928618731415
-0.00642179775050718
-0.0070876315044676235
-0.007464933498432462
-0.007944554555646114
-0.008267866525547249
-0.008107635200638069
-0.0076400086338562255
-0.0072544085190505815
-0.006911035819175083
-0.006177460120653164
-0.004905019294258688
-0.00352696038310984
-0.002577660461318841
-0.002198663284091019
-0.0022535244607872758
-0.002610896964132693
-0.0030416323329680722
-0.0030789209065459305
-0.002356108799844629
-0.0010305032544862948
0.0003823242743742963
0.0015265066865587384
0.0023553326952513204
0.002939823246847578
0.0034619872158872557
0.004275715752016944
0.005564475074708828
0.006962001404251695
0.007914797020322597
0.008421627404651076
0.008953716996309142
0.009569008780180934
0.009645393534491311
0.008756694112906912
0.007336296896708377
0.0060686337200557645
0.004990645561950757
0.0036987043195375446
0.0022101701066324702
0.0010285185361684236
0.0003702401545197241
-0.00011914083291067359
-0.0007111310998757646
-0.0011071344899857823
-0.0009216473709184676
-0.0003649887288305465
-2.492070736038699e-05
-2.271356767283095e-05
0.00020686821446189898
0.0011308604931923158
0.002424047007738132
0.003412142454563196
0.004067623192129894
0.005037427900073269
0.006498708693285935
0.007519480266629829
0.007120839959050052
0.0057199586403873905
0.004788077634936968
0.005004268787917753
0.00546019498540845
0.00501946688803561
0.0038320787122720795
0.0029446278435425063
0.00286771840082141
0.0032421921490369886
0.003694039193039345
0.00423088357292987
0.004742806282705544
0.004828568757569941
0.004393324293484042
0.0038961205631373734
0.003668728348923438
0.0033747141700462614
0.0025017040841644024
0.0011260012756437164
-0.00013611704197136022
-0.0007391421741210281
-0.000510181869743775
0.0003909141613827388
0.0014226950040260534
0.0017443206726281987
0.0008331265818508024
-0.0009037453413941885
-0.0024504364231669397
-0.003204751530469544
-0.003448816485869627
-0.00376012368127643
-0.004264504958331213
-0.004683028626491145
-0.004938232522902997
-0.00541322052351137
-0.006512283286097245
-0.008047278973169958
-0.009198768806814608
-0.009242826217173728
-0.008371447499393959
-0.0076185757513215395
-0.007767412301473341
-0.008427364738849844
-0.008466120253286863
-0.007324244518752361
-0.005559265800577085
-0.004024488739898356
-0.0029302022980192675
-0.0019834805619594036
-0.0010792632458595081
-0.00036468374324040556
0.00023417927717369483
0.001032765762723898
0.0020876643101013035
0.003096602202093607
0.003899815127437734
0.0046843178909434765
0.005528715473163801
0.006150989280352903
0.006391006101889855
0.0066029777495842665
0.007203393399637309
0.00808716910616487
0.008898049214744219
0.009657313154179835
0.010614853726914009
0.011591440605755282
0.01207728994094366
0.012071206529485495
0.012229514891900111
0.012907641920224523
0.013547181764621202
0.013399167699617154
0.01244815575356242
0.011130930025408974
0.009473528264872529
0.0071864267164394435
0.004532454804614289
0.0023559615802993083
0.0010018879872911628
-0.00021533185175709238
-0.002055115888712465
-0.004278263192523014
-0.006037153431470373
-0.007061889588102539
-0.007824243434551634
-0.008559344549160965
-0.008803679176630646
-0.008176119484207519
-0.007089821955116952
-0.006238445832153852
-0.005709388186771112
-0.005112719562571393
-0.004365117787754756
-0.0037275340976511877
-0.0031090480187037322
-0.002038578634322534
-0.0005691418201345046
0.00041589118458432503
0.00026751042493330604
-0.0005016224183164867
-0.0009222569519479437
-0.0008981244433900743
-0.0011628003642338315
-0.0020388286871901615
-0.002998966093228376
-0.0036074499779085163
-0.004192773927458462
-0.005186273607850091
-0.006301139124553519
-0.006882208767681997
-0.006768239946762578
-0.006281137836504884
-0.0055124538368654975
-0.0041590973434332814
-0.002121882494482087
0.00013128398309949677
0.001932123077531035
0.00291406472576416
0.003116685739705588
0.0028491269135440195
0.002498729642041454
0.0021962573155618658
0.0015565479975647707
-7.414503386797834e-07
-0.0025086657473498983
-0.005219247215712551
-0.007276703959417716
-0.008456334528807763
-0.009057234414403622
-0.009260383830230269
-0.008924724008035559
-0.008006101431135736
-0.006877896121236028
-0.006083305617571889
-0.00584387171515577
-0.0058263758769872285
-0.005319304298976679
-0.003756413450251674
-0.0013474577711467628
0.0007909760955594277
0.0014686786208935791
0.0005826971508959673
-0.0007682812500480553
-0.0014937235443926583
-0.0015586394407400307
-0.0015802555489918435
-0.0017619074663019847
-0.0017877345263270254
-0.0015965066942123267
-0.0015259544707039955
-0.0015577979362245743
-0.0011358251242350123
-0.0001265149557587222
0.0006452475106127339
0.00042131186355688047
-0.0003404188956794628
-0.0005474509057273878
3.333832367027867e-05
0.0006677244068752374
0.0010333930378718323
0.001836990542979976
0.0036770006491548064
0.005923941793088276
0.007300396277249761
0.007274077941365989
0.006383493885053093
0.0053467349623088235
0.00432285892746748
0.003074647470847101
0.001508281049402025
-0.00010107826479750949
-0.0013159483151749748
-0.0019300933051079315
-0.002180092321050495
-0.0024691309122801502
-0.0028051145445958958
-0.002651162330116023
-0.0014792093521878657
0.000622542074333893
0.003019894997697634
0.005082434260624099
0.006485398584037257
0.007086847749068398
0.006810154037631692
0.005750866458165946
0.004261882232547266
0.002824583337412492
0.0018371852844304899
0.0014858838689012545
0.0017008046213124433
0.002184228572395085
0.002574685483085887
0.002731922032397137
0.002915294497586217
0.003564158328615122
0.004730734812405928
0.005768950380764012
0.005863174863561398
0.004994775237918831
0.0041171591147256105
0.0041192163276136855
0.004840930382096034
0.005449282672596483
0.00554600654578438
0.005363127328908946
0.004969475470721876
0.004010044713027611
0.002456869954861759
0.0009879972910500784
0.00020703473572362442
-4.397312931391895e-05
-0.00014890405085362347
6.0947301548397456e-05
0.0009692816724447742
0.0023766497296381214
0.0037052812428292766
0.0048349007260267175
0.006040376229019679
0.00715716638425914
0.007620760559850593
0.007565719700527361
0.008126492190429947
0.010082770210303607
0.012623336866269168
0.01404658623468835
0.013532492875444634
0.01175222426585468
0.009837009651723665
0.00828244233705167
0.006977809379380464
0.005829833975574752
0.004955425935189183
0.004375221449814405
0.003838045568395522
0.0030380436366453196
0.0018898849267889306
0.0005464863822639733
-0.0007602368046153371
-0.0018397346211950494
-0.0025902524086923477
-0.00303110385518977
-0.0032738200758418616
-0.0033984324038389252
-0.003389460745015477
-0.003257646981326302
-0.0031460677927289686
-0.0031645470407960707
-0.0031612955029523683
-0.002882576967779059
-0.0024161615196127612
-0.0022513225936406766
-0.002741948791172082
-0.0036629434788029804
-0.0044806769710028374
-0.004960274978767644
-0.00530864808143506
-0.005766548632580673
-0.006260274344900296
-0.006488223572106528
-0.006225917281196993
-0.005516859786354051
-0.004656958995313782
-0.0040289877693671155
-0.0038906522718850887
-0.004240494697830557
-0.004797517326680699
-0.0050678269028898385
-0.004581631404817984
-0.0033133471742060904
-0.0018647354375801266
-0.0009737796725138976
-0.0007992275727754034
-0.0009773049866524809
-0.0014100958724107572
-0.002494651914068108
-0.004287932981129572
-0.0059722147678084175
-0.006743743910404349
-0.006907995387619161
-0.007361580291912096
-0.008132797490119288
-0.008314830254550747
-0.007595582721227619
-0.006937296856403641
-0.007213981070029937
-0.007903908428597761
-0.007913313818192814
-0.007244478669850099
-0.006937996854577343
-0.0075151390684260605
-0.008408173581755806
-0.009050002608709022
-0.009615705454891526
-0.010266413283939594
-0.010448674367289983
-0.00966350401013584
-0.008436417074347318
-0.007682655067021998
-0.0073267661175037135
-0.006445179043364921
-0.0048439168234597
-0.003616139007229983
-0.0037491368198964716
-0.004861122657488236
-0.005850128999728175
-0.006255916303673387
-0.006316206514749534
-0.00607587224124656
-0.005295936696481991
-0.004174321825481278
-0.0033528436857482445
-0.003062889530660309
-0.002934855917780603
-0.002830891530299365
-0.0031274074336242815
-0.0037906402044916845
-0.003894957022017142
-0.0027333721965662576
-0.0009265167919277673
0.00034656349853916176
0.0009339891039208439
0.0016781485422314051
0.002892893262596246
0.003842575754200738
0.004041460122354536
0.004246113842050335
0.005521548601241265
0.007770269546926912
0.009831346600253242
0.010815797284502217
0.010733712520093391
0.009886562819559644
0.008317212087213975
0.0061094751287377996
0.003778888273818169
0.0019782544064654533
0.0009712171229181053
0.0006380213352349388
0.0008317504435751176
0.0014147042119187461
0.0020010443285364945
0.002015839562936691
0.0011584456204206505
-0.00035770870777307104
-0.002118736201818649
-0.0038820660643024787
-0.005491268836563592
-0.006600798891692563
-0.006776002570439872
-0.00589657895390333
-0.004284825279085155
-0.002397334431995347
-0.000536808315185745
0.0011015972283273145
0.002294431827681058
0.002856952611635318
0.0027866963163262854
0.0022463511519895366
0.0014520043753065723
0.0006409675016805636
5.454755967007686e-05
-0.00020069753942039627
-0.00027339378183287267
-0.00040139737354829387
-0.000537338974518157
-0.00024117840343735258
0.0008638625159193794
0.0024929160495307133
0.0037811927041679644
0.004190327249715516
0.0041874771469336495
0.004617352561028278
0.005362164034455198
0.005172124719480621
0.0032351165092213887
0.0005277041533991014
-0.0010308606286754663
-0.0006611369283034209
0.0006818008263316175
0.0018127445103016417
0.0026411010265476455
0.003638737046752809
0.0046917875144559685
0.005221573542906598
0.0051506120683081635
0.004983972423678701
0.004915868213751268
0.00451670898046794
0.003543308020085192
0.002553733112703064
0.002293908642444379
0.002690983405595006
0.002868128282900664
0.0021690244435778683
0.000863575984199919
-0.0003056652203445225
-0.0010689905513106626
-0.0018190379855157063
-0.0028402085894967404
-0.0036913423350501094
-0.0036595495802966135
-0.0026813197773127235
-0.0014457805771209565
-0.0006180308897503296
-0.0003712050389201665
-0.0007099210085110848
-0.0016707883609874427
-0.0028898114269022205
-0.0035221046186678967
-0.0031912083904193627
-0.002704839061764297
-0.0031406385657685907
-0.004345322046833637
-0.0050806849210407136
-0.004729330561634754
-0.004080418623021125
-0.0040801035709586205
-0.004482508381566703
-0.004349098359148038
-0.003465829414934213
-0.0025441693806457625
-0.0021477343192942764
-0.002107062801780323
-0.0020857543587333364
-0.00211216932226823
-0.002259745821501987
-0.002264700466497786
-0.0018910694558580874
-0.0014206205790780332
-0.0013387265211844907
-0.0016487179259722568
-0.001937991023934565
-0.0021118464354514758
-0.0025722654962181657
-0.0034761095346525052
-0.00423656733718205
-0.004146371153527775
-0.0032893282794535786
-0.0024516779302110126
-0.0022309096465087707
-0.0026051148089544828
-0.0033192724596856358
-0.004213747102167915
-0.005014989204056704
-0.00521386465915289
-0.0044925261911849795
-0.0031113538328266664
-0.0016426202493632048
-0.00046787336405678564
0.0002601678247902797
0.00037321552907134157
-0.00020972344342192175
-0.0011346398304643373
-0.001698852498114974
-0.0014470527673102968
-0.0005490044678457054
0.0005111743015900459
0.001503565541296624
0.0025690402754509453
0.0037860089286299403
0.004770690969476719
0.004886092509241764
0.003939367056938253
0.0025858789437728695
0.0018682583260908815
0.002316142901966302
0.003599564375468504
0.005045892457253814
0.006293604785479318
0.007361265866811722
0.008282181339499177
0.008878807029425973
0.008870838030894166
0.00813355272380811
0.006902614881657741
0.0057107508998712865
0.004940269947469915
0.00438703466297099
0.0034877816163976696
0.0020800714653622524
0.000671057484797288
-0.000243002373614047
-0.0008487771206567062
-0.0016679069367468175
-0.0026904482272854585
-0.003248259205799798
-0.0027705968554643623
-0.0013861892792142502
0.0002515245222326712
0.0015020521068268523
0.0020940251247604357
0.0022029661871086435
0.002241048006707786
0.0023928229922712493
0.0023702569233110043
0.0018616689212350226
0.0011928774065360131
0.0011685077274453857
0.002118741117165799
0.003452390817927562
0.004415249762190673
0.004994944580146445
0.0056841036364515115
0.006544053638037739
0.007062744671850952
0.007019202465107981
0.006916246659473786
0.007152765126058726
0.007164103381418465
0.006055631801948864
0.004059237116839753
0.0026413160710810576
0.002808502432050741
0.0038524358976999465
0.004362934058765036
0.004123190458045621
0.004179612944981273
0.005070253789485229
0.005926797403131659
0.005768368868956117
0.0049325389860828545
0.0044520678465077455
0.004415160981141967
0.003857116861358549
0.002278833894313408
0.0004286136706180344
-0.0007585575715725668
-0.0013726980855691695
-0.0021510800261475256
-0.0032523174606031947
-0.004048546525536491
-0.004131243431071427
-0.0039774880128161105
-0.004333926921322089
-0.005212964778858181
-0.005859318182797893
-0.005686707104779175
-0.004940811184315252
-0.00429045511561148
-0.003975429354828123
-0.0036303037116890815
-0.002886964690640625
-0.0018296744934154252
-0.0007515915420651852
0.0002569004270173858
0.0012415263133223446
0.002079531002357289
0.002534950421991184
0.0025777587257101334
0.0023947986418408223
0.0020739583332440646
0.0015252397252868664
0.0007898237608963684
0.00019007107669646753
-1.1640077859953914e-05
2.4862736700666413e-05
-9.522142333545338e-05
-0.00048082351807811737
-0.000821008293616969
-0.0008346787061076616
-0.0006796351500921567
-0.0007347993982093561
-0.0010486070898618287
-0.0012489000632831166
-0.0010684421106745435
-0.0007258309017262486
-0.0005929564092073739
-0.0006553505561457823
-0.0005809510875602726
-0.0002421504315545207
0.0001550981937538776
0.0004698957108743827
0.0008085390100396685
0.0012052530705295654
0.0014572201866187558
0.0014758434279836924
0.0015083423920163954
0.0017344978224577228
0.0018722947379145299
0.0015162489268419465
0.0007231319295980329
-9.037360065429568e-05
-0.0007582350006332136
-0.001492157266428123
-0.002360499794507085
-0.0030032619859896316
-0.0030501609152746526
-0.0026026078984518154
-0.0020973719730040872
-0.001801975031581975
-0.0016215852131129652
-0.0013610812034839342
-0.0010112024892130907
-0.0007183113410623606
-0.0005549866653368412
-0.0004254992879689184
-0.00021814374215453828
3.641441647957322e-05
0.0002433067771729185
0.0004148366638921318
0.0006200701928967192
0.000790169794820372
0.0007745277262635995
0.0006354881212621814
0.0006603258445798429
0.0009443347543830002
0.0011657347298870422
0.0009872760805253976
0.0005384113080401534
0.0002458883210076337
0.00026140967975754847
0.00032916702123668537
0.0002208397993782754
3.225655785910675e-05
-4.41420918654103e-05
-2.7125070705345426e-05
-6.547949251942242e-05
-0.00016442694197080245
-0.00016682971984485564
6.6624706241782415e-06
0.0002300177877980474
0.0003305138184097843
0.0002943267363213665
0.00022939470600542226
0.00015760392265934089
-2.6530416323033995e-05
-0.0003405889428130955
-0.0005897685327604058
-0.0005940900287873792
-0.00045660886799834806
-0.00042590303418050016
-0.0005303139592328279
-0.0005571458490942405
-0.0004008134328830409
-0.00019908497412561134
-6.0095128836508146e-05
0.00010875092644775465
0.000371347022201789
0.000573447265251673
0.0005664596772863746
0.00047232095622110754
0.0005294886959699526
0.0007639770418493034
0.0009852590947148734
0.0010484473870980174
0.0009731591307490986
0.0008486323955436267
0.0007491220405700628
0.0007146393814763919
0.0007244884622714701
0.0007205558595021309
0.0007009669039411719
0.0007156369404862547
0.0007350427921632417
0.0006482106169703529
0.0004534004252826805
0.0003076367267703262
0.00029647948649769124
0.00029993000715777465
0.0001954927684337449
4.501981919940335e-05
-5.188033751543309e-05
-0.0001434003516702296
-0.0003054650850592005
-0.0004634291036687977
-0.0005096914339374586
-0.0005009646785709619
-0.0005617050766601715
-0.0006642923717024872
-0.0006733497097706299
-0.0005570818949162161
-0.0004074802365068422
-0.00029580888243685877
-0.0002358059069078067
-0.00024109045634380659
-0.00030074950233746026
-0.00034456566721496353
-0.00033020398082214003
-0.0003062113027018874
-0.00030853412139995846
-0.0002845917402613658
-0.00021119968703575158
-0.00018080775643207361
-0.0002587698201816853
-0.00035867009968166744
-0.00037844967735611417
-0.0003568030558357301
-0.0003686791089193414
-0.00037155620260807435
-0.00029821438976055785
-0.00021121666653433737
-0.00021776546291674527
-0.00030085818807316185
-0.0003660505079885291
-0.000388483905638962
-0.000395262490859583
-0.0003758015409983742
-0.0003256839006826376
-0.0003067462816492111
-0.00035657105863807993
-0.00041436349650558497
-0.0004304915645331065
-0.0004560606215147765
-0.0005288884037209877
-0.0005790645938640609
-0.0005534120607845462
-0.0005223907252284068
-0.0005527543209446613
-0.000587576436711597
-0.0005652214548549851
-0.0005381536517141701
-0.000555938874386003
-0.0005539905481075921
-0.0004831587516599392
-0.00042459985410208745
-0.00044528050358188414
-0.0004650017530898315
-0.00040289595083387746
-0.00033035072517003267
-0.0003367768105632392
-0.00036745645725073223
-0.00034132526982104855
-0.00030909330525183523
-0.0003439688219508206
-0.000390263666437253
-0.00037032115698843886
-0.0003318967792179813
-0.00034505347036134287
-0.0003633869734939595
-0.0003278057169508211
-0.0002942943259331941
-0.0003212216477067962
-0.0003475426771970547
-0.0003168610127765419
-0.00029673572424463937
-0.00034088115271569834
-0.0003681061895206455
-0.00031675105643135475
-0.0002770063150556857
-0.00032468998445775205
-0.00037094718048090864
-0.0003293468770413748
-0.0002814619649803483
-0.00031630410463439446
-0.0003572839486922544
-0.00031629606421315523
-0.00026875925800209905
-0.000302455453180901
-0.0003414904459916031
-0.00029665843258047176
-0.00024279205647619409
-0.0002690560997300047
-0.0003018362928241665
-0.00025562680250415683
-0.0002088482599324966
-0.0002478702195590739
-0.0002895657374750678
-0.00024327348621928205
-0.00019307560331837339
-0.00023200836970148234
-0.00027492005358799613
-0.00022711669313872567
-0.00017557651417743084
-0.00021695941717928593
-0.0002622103152663158
-0.00021224021016925221
-0.00015780825952485246
-0.00020003728687676773
-0.00024608393745752016
-0.00019302455497674845
-0.0001369245150238996
-0.00018379888400067658
-0.0002349675629532389
-0.00018144143548468606
-0.00012457998512043657
-0.00017587354431706538
-0.00022975947092411888
-0.0001705633883475102
-0.00010757331384717973
-0.00016129672399764242
-0.00021943221475075617
-0.0001571605533990006
-9.041977719711004e-05
-0.0001485364941284271
-0.00021116013275536896
-0.00014367878708641425
-7.119620113031177e-05
-0.00013419670598456614
-0.00020233171405985133
-0.00012859596792996178
-4.929633193810035e-05
-0.00011893133494496235
-0.00019460161532736822
-0.0001133136502189025
-2.5417890114935563e-05
-0.00010366440910512066
-0.00018921845873427325
-9.802161255281307e-05
1.3023095793656126e-06
-8.862085370205542e-05
-0.00018778207643868332
-8.288902490870953e-05
3.2696918212574036e-05
-7.364448589676887e-05
-0.0001927360177082529
-6.81097879663385e-05
7.201092166034064e-05
-5.890997599205861e-05
-0.00020920388102307365
-5.319065781194788e-05
0.00012811825023960924
-4.371294497813861e-05
-0.0002500093796730827
-3.768474502979658e-05
0.00022501103505608104
-2.7850617381728785e-05
-0.000361321448783178
-2.1515173719737214e-05
0.00046843401414073334
-1.1228580107040644e-05
-0.0008608157213211386
-4.692366511449109e-06
0.0028869434624295334
